voltage,current,temperature,current_charge,voltage_charge,charge_time
3.6828410885803162,0.0008326035654226233,26.148802017477877,0.0,0.003,0.0
3.3506128503723054,-3.7809289932617984,26.149705641230796,-3.77,1.506,2.5
3.795919177042161,1.5101876762754645,26.15926812124294,1.5,4.537,5.186999999999998
3.8068779853588013,1.5107484993115068,26.1736221076279,1.498,4.553,7.719000000000001
3.8139383598246894,1.509122215789834,26.190416683967733,1.5,4.558,10.171999999999997
3.8187350133397335,1.5124789161569479,26.187499538071524,1.5,4.564,12.640999999999998
3.822751453985523,1.5088574402887687,26.187426068518906,1.498,4.569,15.125
3.8261782310424493,1.5112378069605341,26.196800703402612,1.498,4.575,17.625
3.829119779082718,1.5108142872463202,26.182381328953912,1.5,4.58,20.141
3.8316165016106627,1.5121213079578804,26.18143555927284,1.5,4.58,22.671999999999997
3.8338755744630717,1.506421884416859,26.175378654490217,1.498,4.58,25.186999999999998
3.836035301634911,1.5111190795228078,26.16961660960673,1.498,4.586,27.718999999999994
3.8378336062647107,1.5098569834068953,26.163144402003997,1.498,4.586,30.233999999999998
3.83967049587586,1.51089963125396,26.167302619241646,1.5,4.586,32.766
3.84111327708144,1.509394742161738,26.16034978909065,1.5,4.591,35.281
3.84286812313437,1.5103856494561723,26.155334704498788,1.498,4.591,37.797
3.844284432386939,1.5114391396433182,26.143306537703562,1.5,4.591,40.328
3.8458066455095046,1.511195765193139,26.138582088232546,1.498,4.596,42.797
3.8469690761253186,1.510831953819144,26.1292211977091,1.5,4.596,45.266
3.84792576673421,1.50966580949956,26.128357526946548,1.5,4.596,47.733999999999995
3.849321655146751,1.5070022727765706,26.12735289984218,1.5,4.596,50.219
3.8503590852024256,1.5091414344594154,26.123408790279818,1.498,4.596,52.734
3.851608936161822,1.5087311418233929,26.118266678711567,1.498,4.602,55.266
3.8528879561540443,1.5087110512856963,26.11112276939964,1.498,4.602,57.781
3.8538744398441214,1.5113587798308465,26.10732394194886,1.498,4.602,60.312
3.8549072068443815,1.5095827781379003,26.104239888708552,1.5,4.602,62.827999999999996
3.8557265714492677,1.5115937614029245,26.094241966777098,1.5,4.602,65.344
3.856906541223986,1.511992107462759,26.088721404083582,1.498,4.607,67.828
3.8578170860708885,1.5092022058124177,26.08093921826338,1.498,4.607,70.297
3.8585919651519367,1.5082475655628522,26.08286871977985,1.5,4.607,72.76599999999999
3.8598602523529584,1.51071780074679,26.077163295670555,1.498,4.607,75.25
3.8607305575448687,1.5078620643008402,26.07142430441668,1.5,4.607,77.719
3.861925916047306,1.5110088085126243,26.062012242731534,1.498,4.613,80.234
3.8626534711542346,1.5058270404444962,26.062716501789208,1.498,4.613,82.76599999999999
3.863994784656899,1.518062907775978,26.04963395309013,1.5,4.613,85.281
3.864650230301607,1.5027393764802006,26.051629113370883,1.498,4.613,87.812
3.8648012801511613,1.4992005249917748,26.047742706538717,1.498,4.613,90.328
3.865727756801182,1.5232019688436385,26.028380321448065,1.498,4.613,92.859
3.8674115843356343,1.5092678962702721,26.033424134013735,1.5,4.613,95.344
3.8679598164051487,1.507524588943841,26.030697281019652,1.498,4.618,97.828
3.8689875011165893,1.5103859481187683,26.02593508383602,1.498,4.618,100.281
3.869723357373379,1.5105312379986977,26.028692106430892,1.498,4.618,102.75
3.8706696685563426,1.5109203317974167,26.017103975059502,1.498,4.618,105.281
3.8716424277459387,1.5149987144658978,26.014769949549045,1.5,4.618,107.797
3.872213513349966,1.5096429744504465,26.011298912444758,1.498,4.623,110.328
3.873303108926174,1.5114699327442211,26.012390106508658,1.5,4.623,112.844
3.8739963612606574,1.5124789873806148,26.008802784604608,1.5,4.623,115.35900000000001
3.8752194571900183,1.5121985723685736,26.00019581273339,1.5,4.623,117.89099999999999
3.87566277793424,1.5063306523620452,25.997788821678352,1.5,4.623,120.406
3.8767239229400765,1.5106366008868866,26.001563130544056,1.498,4.623,122.922
3.8773499216627707,1.5100547849373605,25.989974626649644,1.5,4.623,125.453
3.878261274702521,1.51173502465972,25.98607171837514,1.5,4.629,127.969
3.8793712747780074,1.5107389390734942,25.982723421108524,1.5,4.629,130.5
3.879815564351378,1.5098882193931178,25.98737556593024,1.498,4.629,133.016
3.8809946002327522,1.5109278452496238,25.977992040307207,1.498,4.629,135.547
3.8816697840117,1.510835035783189,25.978937967944844,1.5,4.629,138.062
3.882346886323284,1.5108311505615444,25.980768988732834,1.498,4.629,140.594
3.883249808321518,1.5096239640577997,25.97238811660656,1.498,4.634,143.10899999999998
3.8838345525198474,1.5104427879577254,25.97391922446454,1.5,4.634,145.625
3.8847321401557786,1.5082251711551604,25.966751713275233,1.5,4.634,148.156
3.8855191970352316,1.5117060046544388,25.971518496552463,1.5,4.634,150.672
3.8864053180734137,1.510009644916354,25.961288049377877,1.5,4.634,153.203
3.887055974777946,1.507306312884215,25.95443253282137,1.5,4.634,155.781
3.8881088158730495,1.5097219882056858,25.955976719039455,1.5,4.64,158.25
3.888529869868046,1.5111972664307118,25.957172463433654,1.498,4.64,160.719
3.8893798683214778,1.5076287416705212,25.95830563329231,1.498,4.64,163.203
3.8900651810415012,1.5103157213872598,25.948077284685667,1.5,4.64,165.734
3.8908799070941225,1.5077879629697586,25.951979888126267,1.5,4.64,168.25
3.891628510108916,1.5104476206613426,25.960685771888947,1.498,4.64,170.781
3.8920517247678723,1.5117888893264348,25.949076086871543,1.5,4.64,173.297
3.8931257423610712,1.5087722284304743,25.945118851144848,1.5,4.64,175.844
3.8935830688046997,1.5098589079442317,25.95045168394623,1.5,4.645,178.312
3.894587956824069,1.5112589993095054,25.943302466695194,1.5,4.645,180.781
3.8949354329196244,1.5095816464968088,25.939399509708124,1.5,4.645,183.266
3.8958994267636773,1.5109246616218066,25.941482538987707,1.498,4.645,185.734
3.8965968736178613,1.5086188538328344,25.942930362716147,1.498,4.645,188.25
3.897405084177387,1.5126824497754086,25.94168692597406,1.5,4.645,190.766
3.8981561336613373,1.5101828757286406,25.929887472100948,1.5,4.645,193.297
3.8987947651427604,1.510412741983466,25.931338894104787,1.5,4.65,195.812
3.8995555894976914,1.5081449327788017,25.92460352432139,1.5,4.65,198.344
3.9000738038253724,1.5100238967871653,25.92198846237026,1.5,4.65,200.85899999999998
3.9007700313402047,1.5091484830150068,25.92305225762096,1.498,4.65,203.391
3.9015626307088316,1.5079568388675388,25.921580839476967,1.498,4.65,205.906
3.902190251070815,1.5121182428667765,25.922601560201826,1.498,4.65,208.422
3.9029178288440414,1.5095592976442205,25.91884092614131,1.498,4.65,211.016
3.9033931736000596,1.510349450902645,25.921485353857463,1.5,4.656,213.516
3.9043949865754097,1.5091231056282917,25.912408213930505,1.498,4.656,216.031
3.904915539643852,1.512737468418336,25.91001196272066,1.498,4.656,218.562
3.905356396583173,1.5080983636500882,25.910892759231853,1.498,4.656,221.078
3.9063133888369777,1.5095644670126582,25.903197251209107,1.5,4.656,223.594
3.90670630213416,1.51033834857861,25.90549190826582,1.498,4.656,226.125
3.907258537172935,1.5111237649662224,25.903825316875597,1.5,4.656,228.641
3.9080569340492812,1.5129906648798903,25.90025193058727,1.5,4.656,231.172
3.908733098679907,1.5085366432961738,25.896171537425936,1.498,4.656,233.687
3.9090586582433766,1.5091957573371988,25.905925115324553,1.5,4.661,236.219
3.910009002373474,1.5111912113671153,25.895873348990868,1.5,4.661,238.734
3.910766535729129,1.5112848782159665,25.893829124774527,1.498,4.661,241.25
3.911020674188799,1.5103126490674772,25.89084791244382,1.5,4.661,243.781
3.9116906957589554,1.5107851072904983,25.900911720763954,1.498,4.661,246.297
3.9123122615423203,1.509553323769329,25.89131321942725,1.5,4.661,248.766
3.9130526471969147,1.5118861415453402,25.896338723647496,1.498,4.661,251.25
3.9137864318201503,1.5097401603472842,25.893892811763287,1.498,4.661,253.719
3.914055733647014,1.5114430608612275,25.889696810220222,1.5,4.661,256.187
3.9147715185178042,1.5088837602605911,25.889568579274467,1.5,4.661,258.687
3.915252838068231,1.5077495175104787,25.882211718029865,1.498,4.661,261.156
3.915900212507451,1.5118387879816144,25.882688339487053,1.5,4.667,263.625
3.9165379520143344,1.5098853578487899,25.886150257791062,1.498,4.667,266.094
3.9174349129819803,1.5109760471123483,25.888019382827768,1.498,4.667,268.578
3.917728893180718,1.5104869410249966,25.88589113972474,1.5,4.667,271.094
3.9182895050942705,1.5104264777921397,25.880238980640435,1.5,4.667,273.625
3.9185587956402665,1.5095141798147034,25.88871116291488,1.5,4.667,276.141
3.9191894955444573,1.5112831086282923,25.885109870780205,1.498,4.667,278.672
3.919908062943598,1.5100426360250345,25.888125142753534,1.5,4.667,281.187
3.920460461899137,1.5097665940042218,25.883649318524878,1.5,4.672,283.719
3.9211428807451,1.509329732789671,25.877749026072863,1.498,4.672,286.234
3.9216706099796133,1.5107607981023894,25.873414996915916,1.5,4.672,288.75
3.9217554409928264,1.5092708443305987,25.869504926460888,1.5,4.672,291.281
3.9224824560008056,1.5080343378222452,25.868791164293558,1.5,4.672,293.797
3.922999010314367,1.5110461545410894,25.870658146057742,1.498,4.672,296.328
3.923670838970482,1.508410499060116,25.867445823548227,1.5,4.672,298.844
3.9243214327912166,1.5087197989190948,25.87289738690062,1.498,4.672,301.375
3.9248280749482354,1.508163113437485,25.867418981797943,1.498,4.672,303.891
3.9253728337248868,1.508830215132207,25.86882454335147,1.498,4.672,306.359
3.925538337033787,1.509537208763059,25.86771063610084,1.5,4.677,308.844
3.9263786751753478,1.5112066928672956,25.861539506586794,1.498,4.677,311.328
3.9266813040628,1.5108468437442146,25.859577018035747,1.5,4.677,313.844
3.926970092632116,1.5108329347764773,25.873847650536526,1.498,4.677,316.375
3.927847468751008,1.5117751700525581,25.87353210957572,1.5,4.677,318.891
3.9281165283808894,1.5127967765168189,25.868361779074046,1.498,4.677,321.422
3.928640490963671,1.5091862447394369,25.872213677576728,1.5,4.677,323.937
3.9292134590405348,1.5080758497228939,25.869772620921523,1.498,4.677,326.453
3.929537342769177,1.5099572548810012,25.864677508133283,1.5,4.677,328.984
3.930205581226477,1.5077920226473607,25.869723852781277,1.5,4.677,331.5
3.9305921776165205,1.5081324197452235,25.86657806264207,1.498,4.683,334.031
3.931225194625825,1.5097853055291282,25.868268256088946,1.498,4.683,336.547
3.9313711388414063,1.5058736965494557,25.875695176533817,1.498,4.683,339.078
3.9320169567572134,1.5106654040301468,25.877890250890502,1.5,4.683,341.594
3.932448335380384,1.5099096717977212,25.870250093564927,1.498,4.683,344.125
3.9328631758706747,1.5113607509928022,25.865385243550666,1.498,4.683,346.641
3.9334586467888557,1.5109743756869316,25.867999991654568,1.498,4.683,349.156
3.9337017568362715,1.5097144819339499,25.868464661930446,1.5,4.683,351.687
3.9343430652100224,1.5130747009512777,25.867210605418506,1.5,4.683,354.203
3.934821223172305,1.5093887516239886,25.865245393436147,1.5,4.683,356.734
3.934918351865111,1.512165393293393,25.862113621019606,1.498,4.683,359.25
3.9355849919089216,1.509108424593716,25.86778771095665,1.498,4.688,361.719
3.936311812396529,1.5111470713891044,25.867201858183826,1.5,4.688,364.234
3.9367391352099936,1.511490122646826,25.86341129919088,1.5,4.683,366.766
3.9368658376231838,1.51066526945612,25.85739560764221,1.5,4.688,369.281
3.937340296474312,1.510822739124562,25.871024838029765,1.5,4.688,371.812
3.937895403675955,1.5080904146282326,25.869537007636353,1.5,4.688,374.328
3.9383532477402614,1.5099055819602465,25.872909524495665,1.5,4.688,376.844
3.938652198804882,1.5091899285249568,25.869166265631534,1.498,4.688,379.375
3.9390720331476228,1.5108443062309744,25.862321876967695,1.498,4.688,381.891
3.9396516522762237,1.5113050820093956,25.867753387012066,1.5,4.688,384.422
3.939822250830102,1.5107676972239148,25.857635001293218,1.5,4.688,386.937
3.9400724237719587,1.507277493956072,25.866572744425802,1.5,4.688,389.469
3.940591030713039,1.5093974770953866,25.863231057448054,1.498,4.688,391.984
3.9412215002178286,1.5083209866965612,25.867245401840798,1.5,4.688,394.5
3.941450724070589,1.5127462264625733,25.867194097081153,1.498,4.688,397.031
3.9419762753083702,1.5115180940980564,25.868590512740866,1.5,4.694,399.547
3.9422600671561625,1.5086287877589433,25.87158245717386,1.498,4.694,402.078
3.942539350247255,1.5111688313666582,25.866256755747152,1.5,4.694,404.594
3.942869223672754,1.5113844585260894,25.879403562170584,1.5,4.694,407.125
3.943156551350223,1.5099707961043674,25.87351872696008,1.5,4.694,409.641
3.944049303923648,1.5106746073918926,25.879945842267066,1.5,4.694,412.156
3.9442661446675955,1.509194942629447,25.87814527593171,1.5,4.694,414.687
3.94447401340445,1.50665794379159,25.87469119350933,1.5,4.694,417.203
3.9449613905495484,1.5123330801549661,25.873547950731435,1.5,4.694,419.734
3.945455853118893,1.5085909709196492,25.881245279864302,1.498,4.694,422.25
3.945625835562415,1.5115572566990747,25.88021875531613,1.5,4.694,424.797
3.9460029573742137,1.5117047793014928,25.878643444019595,1.5,4.694,427.281
3.9464394417569144,1.5106229435820258,25.882578025363742,1.498,4.694,429.734
3.946856097761296,1.5145233782137932,25.880668195524333,1.498,4.699,432.234
3.9471604488851124,1.5116950961327273,25.878060542750063,1.5,4.699,434.828
3.947554641234083,1.5108790207455989,25.884202324614563,1.498,4.699,437.344
3.9479140264422887,1.5106139453055591,25.88264621256317,1.5,4.699,439.859
3.9481841872145425,1.5104907041204214,25.888740639187148,1.5,4.699,442.391
3.9487177126172983,1.5084437850986405,25.895954759784754,1.5,4.699,444.906
3.9490002021420576,1.512013906960782,25.89273545101319,1.5,4.699,447.437
3.9492065299184063,1.5105862928962321,25.8915365486066,1.498,4.699,449.953
3.9496582204549213,1.5115324034030961,25.878887043858224,1.498,4.699,452.484
3.949879221636724,1.5115360897767347,25.888533768735495,1.5,4.699,455.0
3.9501972821540146,1.510382167302943,25.893663449800858,1.498,4.699,457.531
3.950607176304735,1.5110812126445599,25.880070279182757,1.5,4.699,460.047
3.9510617929159393,1.5084726657524317,25.888809282312803,1.5,4.699,462.578
3.9512229951107076,1.5104788456858493,25.88131586143494,1.5,4.699,465.094
3.9515719748905607,1.508449631579832,25.885977876480293,1.5,4.699,467.562
3.9521321965228213,1.5140680151022532,25.889187568125877,1.498,4.704,470.031
3.95200298584686,1.512436539464517,25.888626854082602,1.498,4.704,472.5
3.9525572240542717,1.5102647418226702,25.8882806235344,1.5,4.704,474.969
3.9527266427047523,1.5114030417401514,25.89995902609961,1.5,4.704,477.453
3.953387824357542,1.5057835265008817,25.892846326043035,1.5,4.704,479.984
3.953586750893594,1.5098672549873111,25.89024862845191,1.5,4.704,482.5
3.9537126099416287,1.5128461396185808,25.896855725640375,1.498,4.704,485.016
3.954141132618994,1.5126000307154885,25.891917488027506,1.5,4.704,487.547
3.9543776286940395,1.5062326443976264,25.885029240756502,1.5,4.704,490.062
3.9548721406971707,1.5081094147052796,25.884183913868576,1.498,4.704,492.594
3.9551976320361257,1.5085518054332727,25.887256724637002,1.5,4.704,495.109
3.9554194451440003,1.508748374709306,25.8872821343526,1.5,4.704,497.641
3.955754836895165,1.5103906447993178,25.886576528538242,1.5,4.704,500.156
3.95626778555006,1.5101627863939966,25.8877233340207,1.5,4.704,502.672
3.9563371714229714,1.507328697268166,25.890809768837986,1.5,4.704,505.203
3.9568237166430276,1.5125968170982667,25.889313746152606,1.5,4.704,507.719
3.9569996671228695,1.5119507929152698,25.893676985823397,1.498,4.704,510.25
3.9571074379712345,1.5087802247091873,25.897421366452992,1.5,4.704,512.766
3.957617447085263,1.5088201003993549,25.89713115663121,1.498,4.704,515.266
3.957814886077554,1.5096914122804286,25.897220847409045,1.5,4.71,517.797
3.958111380394054,1.5095010905581827,25.89919063717318,1.5,4.704,520.266
3.9585335502926027,1.5107377193339782,25.9006498571672,1.498,4.71,522.75
3.9587933259038346,1.5128362611844688,25.8975478777468,1.498,4.71,525.219
3.9590387214413147,1.5111482800532208,25.904701072519124,1.498,4.71,527.687
3.9595435614066545,1.509501804453895,25.908738035191625,1.5,4.71,530.156
3.959616243899988,1.5107011727849522,25.910048581678623,1.498,4.71,532.687
3.9599307615359094,1.5136843003856677,25.910094465532705,1.498,4.71,535.203
3.960179250640387,1.5101656736393423,25.910790975373644,1.498,4.71,537.734
3.9603168289659005,1.5126319474220757,25.908531719545426,1.5,4.71,540.25
3.960775663406116,1.5093547051704437,25.910194603828263,1.5,4.71,542.766
3.9610310578417183,1.5095744660213424,25.911732498798735,1.498,4.71,545.297
3.9612534130511574,1.5136226854814712,25.91719820594751,1.5,4.71,547.812
3.961540441794507,1.5090662239196946,25.914853245466663,1.5,4.71,550.344
3.9619543603626015,1.508911864818187,25.920835402709425,1.5,4.71,552.859
3.9621287646852434,1.5125707996383815,25.915734158794805,1.5,4.71,555.391
3.9626379322286804,1.5089502341687562,25.924720794340807,1.498,4.71,557.937
3.962884857338494,1.5097793816432994,25.915249286592175,1.5,4.71,560.406
3.9629798544141206,1.5099902209589773,25.917943950675095,1.498,4.71,562.937
3.96356443920385,1.5124231760974916,25.916658729495097,1.5,4.715,565.453
3.9634793205325902,1.509310408984715,25.92934150952529,1.5,4.715,567.937
3.963761858723327,1.513535707767868,25.92838308007889,1.498,4.715,570.406
3.9642358426420694,1.511773446056389,25.928665499933317,1.5,4.715,572.875
3.9644310662094555,1.5103284374000792,25.929116077268617,1.5,4.715,575.344
3.9648376685321693,1.5085769316920075,25.934074373791006,1.498,4.715,577.828
3.964888928308358,1.5089129096980367,25.934591913794296,1.5,4.715,580.344
3.9651824900574386,1.5085759014832978,25.942077374927095,1.5,4.715,582.875
3.965723118726601,1.5109912744534613,25.941281864135615,1.5,4.715,585.391
3.96574103548788,1.5101925506185159,25.942319757298513,1.498,4.715,587.906
3.9659962180132338,1.509252082385124,25.942274594700557,1.498,4.715,590.437
3.9662510318094704,1.5132561742652268,25.94090876571973,1.5,4.715,592.953
3.966718602257536,1.5071412357193004,25.939442620347954,1.498,4.715,595.484
3.9669978116825657,1.5096942632336134,25.94137470422322,1.5,4.715,598.0
3.9672699705543057,1.5108660710406114,25.94994900277921,1.5,4.715,600.531
3.967446236264874,1.5125194125563821,25.95940532017023,1.498,4.715,603.047
3.9677151320923527,1.507435302932407,25.959754870947062,1.5,4.715,605.578
3.9681855088986158,1.5110052129862046,25.954569691717147,1.498,4.715,608.094
3.9684062570604905,1.5099885007115703,25.960761725157614,1.5,4.715,610.625
3.9686858129186313,1.5109920109972284,25.95707186547951,1.498,4.715,613.141
3.96891760929531,1.5131804028059337,25.958443376992523,1.5,4.721,615.656
3.969120308042088,1.5093991074092834,25.965742978516776,1.498,4.721,618.187
3.9694819435216875,1.5093420957656496,25.967978315603442,1.5,4.721,620.703
3.969644713114506,1.5073511307019527,25.96866219614546,1.5,4.721,623.234
3.970312366815634,1.511549667225223,25.9717852958159,1.5,4.721,625.75
3.970275082383691,1.5149453690310455,25.970815914703596,1.498,4.721,628.281
3.9704358673694267,1.508322721709632,25.974372813616533,1.498,4.721,630.734
3.970858970810141,1.508853465231516,25.97349829973727,1.5,4.721,633.219
3.97116235259145,1.5097540689355997,25.98437055622742,1.5,4.721,635.672
3.9713422974168284,1.5076113759299028,25.979804641531747,1.5,4.721,638.156
3.971802898590204,1.5096342064684096,25.975053152104007,1.498,4.721,640.625
3.972013265939667,1.509319610085662,25.98015599676521,1.5,4.721,643.141
3.9723795347780726,1.508985260766014,25.977239427483653,1.5,4.721,645.672
3.9727877793031334,1.5093393258830434,25.981348299171536,1.498,4.721,648.187
3.9727913994951427,1.5105291681180888,25.98946350311463,1.498,4.721,650.719
3.9730790111818344,1.5137255786554409,25.991839390102545,1.498,4.721,653.187
3.9733585671875247,1.5115367459396625,25.98359226780198,1.5,4.726,655.719
3.973567614620924,1.5085339113775766,25.985060866679692,1.498,4.726,658.187
3.974187696847907,1.5120916330029446,25.983607450159866,1.5,4.721,660.672
3.9739361917805005,1.5116297702585122,25.993771296344004,1.5,4.726,663.141
3.974378027524356,1.50994002108865,25.994606525111426,1.5,4.726,665.641
3.974622319718946,1.5133569243960034,25.99451784102576,1.5,4.726,668.156
3.9749844736773765,1.5096538439971474,26.00260386227604,1.5,4.726,670.687
3.975199183104665,1.511132043837431,26.007296980217887,1.498,4.726,673.203
3.9755757389635806,1.5064891562897587,26.012582532103266,1.498,4.726,675.734
3.975729960226978,1.5122632456339367,26.026138090440355,1.5,4.726,678.25
3.9761709945758272,1.5106513514994542,26.02022475273697,1.498,4.726,680.781
3.9765410014490215,1.5102331056027847,26.022474043589533,1.5,4.726,683.297
3.976729258867322,1.5151454560132234,26.022360766147667,1.5,4.726,685.828
3.9771133897422013,1.5097554731408958,26.01687696535736,1.5,4.726,688.344
3.9772451007283594,1.5127274005884852,26.017711610138633,1.5,4.726,690.875
3.977489550451973,1.50914271246475,26.017454574301762,1.498,4.726,693.391
3.9780000038036687,1.511457964702722,26.013048076118892,1.5,4.726,695.922
3.9782103031796607,1.5081304429475404,26.019481125756126,1.498,4.726,698.437
3.978409532889428,1.5102900771789067,26.01144421049895,1.498,4.726,700.969
3.9788603371322973,1.5128403188200386,26.02033616364144,1.5,4.726,703.484
3.979037673170288,1.5086472110225568,26.03046639216791,1.5,4.726,706.016
3.9794259198718924,1.512425867664488,26.033366596495892,1.498,4.726,708.531
3.979642290158548,1.5090362371987114,26.030058240555903,1.5,4.726,711.047
3.9797739646229315,1.5105052275696969,26.028193200552685,1.498,4.731,713.578
3.9801465930431923,1.5110363441969243,26.035306406702478,1.498,4.731,716.094
3.980258633715431,1.5128597601549878,26.034733320895842,1.5,4.731,718.625
3.9808297577491945,1.5109329474000726,26.040301118686234,1.498,4.731,721.141
3.9811783303881216,1.5079626392397338,26.039451447845064,1.5,4.731,723.656
3.981291858408892,1.5105032924535997,26.042234317853232,1.498,4.731,726.187
3.981752033343018,1.5083982024145612,26.04918710073864,1.5,4.731,728.656
3.9819516910145056,1.510047060683094,26.051779679143532,1.5,4.731,731.125
3.98208689324023,1.5105027110288964,26.054555158060083,1.498,4.731,733.594
3.982207547190201,1.5106493850967186,26.05373039436484,1.498,4.731,736.078
3.9825726044782597,1.5116911755546798,26.06247744221996,1.498,4.731,738.547
3.982883979470897,1.5110377021673385,26.060926976135868,1.5,4.731,741.062
3.9831565831856426,1.5089504254572668,26.06969873170693,1.5,4.731,743.594
3.9833283653794873,1.511938492177839,26.071984928518194,1.5,4.731,746.109
3.983557264953482,1.5098250339571408,26.070737726596313,1.498,4.731,748.625
3.984138823289229,1.5083054779171052,26.072800918799093,1.5,4.731,751.156
3.9843154836436656,1.5103133988123076,26.072934773601144,1.5,4.731,753.703
3.9846577068812827,1.5092552815859162,26.07038094816512,1.498,4.731,756.172
3.9848370920668255,1.5133368600630879,26.07008782457047,1.498,4.737,758.656
3.985325479375088,1.5091498314563494,26.07242774600457,1.498,4.731,761.141
3.9854586316266376,1.5116733328292102,26.072608232084793,1.498,4.737,763.609
3.9855196020803385,1.5121755024215304,26.078897489836205,1.498,4.737,766.078
3.985916213548677,1.5058195417770852,26.076755999822147,1.5,4.737,768.547
3.9865549098973663,1.5097065023258776,26.087063583043406,1.498,4.737,771.016
3.98647988803104,1.5075558433189002,26.084939267676674,1.498,4.737,773.5
3.986765728317371,1.5145395721489503,26.09508667828458,1.498,4.737,775.969
3.9869029612807227,1.5120780323364347,26.089909355148485,1.5,4.737,778.5
3.987270657806792,1.5107066970794356,26.09723205017996,1.5,4.737,781.016
3.987718251361846,1.5084560698680083,26.09875109324219,1.5,4.737,783.547
3.9877249447949907,1.5067866177660565,26.102118146836663,1.498,4.737,786.062
3.9880423338369053,1.5100942682293224,26.097274891736593,1.498,4.737,788.594
3.9884696411582854,1.5088968457260563,26.106293567153077,1.5,4.737,791.109
3.9886887348665447,1.5084101606638876,26.10521533701104,1.5,4.737,793.641
3.988879252186429,1.5123072643386513,26.10408285818394,1.498,4.737,796.156
3.9893440931661996,1.509145593481924,26.109128039835483,1.498,4.737,798.687
3.9895711528745985,1.510833759438589,26.11696101841173,1.5,4.737,801.203
3.9896417353512046,1.5099054070287259,26.126532764783445,1.498,4.742,803.734
3.9903150602952975,1.5133641382410594,26.134129648570422,1.498,4.737,806.25
3.9902192196686674,1.506791536798569,26.126097161617015,1.498,4.742,808.766
3.990777570479351,1.510123348314282,26.138247041072713,1.5,4.742,811.297
3.9909236500056484,1.5114237785204483,26.131184171240864,1.498,4.742,813.812
3.991342552475251,1.5110712639908972,26.133834245330714,1.498,4.742,816.344
3.9915001685192713,1.5102158400417671,26.1393801303192,1.5,4.742,818.859
3.9917014368951587,1.5056672766046713,26.145281481174436,1.498,4.742,821.375
3.9917817500387858,1.5082351507518235,26.142653308450853,1.5,4.742,823.906
3.9924365650117934,1.51036516550946,26.150623654715325,1.498,4.742,826.422
3.9925518494239705,1.5110044264597606,26.139408468186765,1.498,4.742,828.891
3.9928279795496544,1.5101144626906646,26.149863720407907,1.498,4.742,831.359
3.9931757302277857,1.50892940539428,26.151118616791827,1.5,4.742,833.828
3.993388397675598,1.5110290701200628,26.147123785531456,1.498,4.742,836.312
3.9938234286666914,1.5125174032771669,26.15449122055504,1.498,4.742,838.781
3.994230585419468,1.5112236391211895,26.162071145179265,1.5,4.742,841.281
3.9941547622913935,1.5100770704615258,26.162626289253403,1.5,4.742,843.812
3.9943893523109932,1.5123226752996999,26.170612557973524,1.5,4.748,846.281
3.9947545595732907,1.5100369929233581,26.160548679147485,1.5,4.748,848.75
3.9951015933604817,1.5106654229882666,26.168233459788542,1.5,4.742,851.297
3.9952373480281764,1.5111144650760107,26.175584114881392,1.498,4.742,853.797
3.9953827128261894,1.5098211564572166,26.16976668907822,1.5,4.742,856.266
3.995877216314526,1.5072961859454514,26.170803212823188,1.5,4.748,858.75
3.995877761944063,1.5118851358362175,26.172163870500114,1.5,4.748,861.219
3.9961574472939585,1.5087364948622615,26.176748018484616,1.498,4.742,863.734
3.9966894150565277,1.5077346129607656,26.17782586816608,1.498,4.748,866.266
3.9968492257704336,1.5081832005948972,26.1829467145863,1.498,4.748,868.781
3.997253279718124,1.5105224969765736,26.190176505587267,1.5,4.748,871.312
3.9974091405815733,1.514455374656637,26.189042189920816,1.498,4.748,873.828
3.9978661261482107,1.5117237350795283,26.193065958071703,1.498,4.748,876.359
3.9977567159865175,1.5079899651420086,26.196308285743434,1.5,4.748,878.875
3.998253500677063,1.511238379186181,26.205202116877906,1.5,4.748,881.406
3.9985946833118198,1.5121302577612379,26.206614837354312,1.5,4.748,883.922
3.9987864373068196,1.5120584609175642,26.208064586131346,1.5,4.748,886.453
3.9993240110702972,1.5104723489460445,26.216955801967185,1.5,4.748,888.969
3.9993680710751915,1.5095513557842473,26.217269630482097,1.5,4.748,891.5
3.999503363763475,1.5051667955087413,26.219558683309828,1.498,4.748,894.016
4.000128403813048,1.5067431570307555,26.21644533886124,1.498,4.748,896.531
4.000096404377237,1.5132126174922302,26.225830065477727,1.498,4.748,899.062
4.000540559036715,1.5125111003885618,26.23506330111853,1.5,4.753,901.578
4.000722301741344,1.5144819098144444,26.234248019091297,1.498,4.753,904.109
4.000842616148387,1.5079321419474392,26.241324223042394,1.5,4.753,906.625
4.001046107298464,1.510120547804612,26.23948831554645,1.498,4.753,909.156
4.001258417771906,1.5120460145478078,26.252554389933415,1.498,4.753,911.672
4.001742122685,1.5088046601878429,26.24850124102379,1.498,4.753,914.187
4.001884795470922,1.509612252729774,26.255791934256344,1.498,4.753,916.75
4.002521998610691,1.5078452540524023,26.259047837092982,1.498,4.753,919.266
4.002393197794739,1.5059479741471102,26.260544163762777,1.5,4.753,921.781
4.002730188208376,1.5102539352904825,26.270528730598095,1.498,4.753,924.312
4.003105709400316,1.5090391710882596,26.266167119717274,1.498,4.753,926.828
4.003424272870807,1.5059446955622213,26.27009907868712,1.498,4.753,929.359
4.003794746709486,1.507631704033587,26.277699312052547,1.5,4.753,931.875
4.004094910860014,1.5083294908270442,26.277203061897765,1.498,4.753,934.391
4.004267641386759,1.5074653821814177,26.27890071899266,1.5,4.753,936.922
4.004654907364253,1.5094795106300918,26.285772475618256,1.498,4.753,939.437
4.004804178687598,1.5076717092401217,26.280535102182313,1.498,4.753,941.969
4.004905933614344,1.5114018272225727,26.294135642150565,1.5,4.753,944.484
4.0049899124548585,1.508038370770586,26.294176434208534,1.498,4.753,947.016
4.005750766491974,1.512086308376667,26.293292907648876,1.498,4.753,949.469
4.0059423489770944,1.5102694089396127,26.296573937569324,1.5,4.753,951.953
4.006226699981601,1.5066883633831925,26.299940712925885,1.5,4.753,954.5
4.006394930296871,1.5092978968096085,26.305224658938712,1.5,4.753,956.969
4.006960016047715,1.5136874333241703,26.30238593724519,1.5,4.758,959.437
4.007093640655404,1.5117343480866172,26.305985466467707,1.5,4.753,961.937
4.007428596298695,1.507987595217752,26.30459294194038,1.498,4.758,964.406
4.007402470746939,1.5094165232416155,26.308163793946996,1.5,4.758,966.875
4.007864905358419,1.5133092916389916,26.311988279419587,1.498,4.758,969.344
4.007723149739342,1.5105266670010082,26.318397371116276,1.5,4.758,971.828
4.00831645291739,1.509206504129207,26.32830230514131,1.5,4.758,974.297
4.008355773796109,1.5118696785141807,26.33302571828236,1.498,4.758,976.812
4.008667182120021,1.5101467227910224,26.332910353848686,1.498,4.758,979.344
4.0087584393023965,1.507365499787313,26.334617737249992,1.498,4.758,981.859
4.009187458985986,1.5079693625582553,26.33342742949269,1.5,4.758,984.391
4.0097604934389866,1.5100759441059743,26.33890076788076,1.5,4.758,986.906
4.009990610376137,1.5075087175769972,26.34261953985742,1.5,4.758,989.437
4.010121740575007,1.5093948159987904,26.348793586254253,1.5,4.758,991.953
4.01042307611264,1.5117420752512367,26.34661967624002,1.5,4.758,994.484
4.010710952678055,1.5082240602568968,26.35202845280861,1.5,4.758,997.0
4.011203287127558,1.5115767513282659,26.354283924713812,1.5,4.758,999.516
4.0112909711160665,1.5100693293018541,26.355024343007443,1.5,4.758,1002.047
4.011178820766066,1.5129911666334184,26.366883250893597,1.498,4.758,1004.562
4.011772730275285,1.5098182171521017,26.376033001852576,1.498,4.764,1007.094
4.012104607935761,1.5130228076537113,26.380431392687548,1.5,4.758,1009.609
4.012536853336061,1.5154102254713364,26.377555659739997,1.5,4.764,1012.141
4.0124340509327165,1.5086089376202974,26.387616705692945,1.5,4.764,1014.656
4.01256197075449,1.5095814509138947,26.386616003208218,1.498,4.764,1017.172
4.013254798717574,1.513401523941811,26.39026769231209,1.5,4.764,1019.703
4.01310217147165,1.5080915787918696,26.398050168938227,1.5,4.764,1022.219
4.013894981063344,1.5093864872450113,26.39791673976628,1.5,4.764,1024.75
4.014136495511688,1.509278131167522,26.40211993883579,1.5,4.764,1027.219
4.013972145442039,1.5102215644137138,26.41097491116561,1.5,4.764,1029.687
4.01444122236566,1.5093605375900359,26.410821236875396,1.5,4.764,1032.156
4.0146204318829675,1.5120283585319738,26.41478370629408,1.498,4.764,1034.625
4.015079371697905,1.5089965170152402,26.41875549251129,1.498,4.764,1037.094
4.01508368322815,1.514008727804411,26.423303611359454,1.498,4.764,1039.625
4.015384405599178,1.5073575568079918,26.423578918691625,1.5,4.764,1042.141
4.015658942340849,1.5101382554995137,26.42235021767253,1.498,4.764,1044.672
4.016083852357581,1.5094651063792084,26.425169251056737,1.5,4.764,1047.187
4.016500271885034,1.5084545459334584,26.426182980938606,1.5,4.764,1049.672
4.016420102318465,1.5080276262129515,26.43335996629819,1.5,4.769,1052.172
4.016958928503585,1.5105047612730096,26.437307596745473,1.498,4.764,1054.641
4.017161305740357,1.509190336107716,26.441310837170665,1.498,4.769,1057.125
4.017516708529245,1.5111519915009641,26.4413859021067,1.5,4.769,1059.594
4.017561272209573,1.5090653019367435,26.44551608422822,1.5,4.769,1062.062
4.017619175801856,1.5080247251777108,26.453367642756124,1.5,4.769,1064.531
4.018139740102578,1.5114373566516774,26.44914141625826,1.498,4.769,1067.062
4.018285285560542,1.5116032488159559,26.45765108149351,1.5,4.769,1069.578
4.018728572691675,1.5091452157815668,26.465135729645965,1.5,4.769,1072.109
4.019008078830037,1.511282635766628,26.469294987209405,1.498,4.769,1074.625
4.019143337164335,1.5118819767704519,26.466023377294157,1.5,4.769,1077.141
4.019645097273252,1.5105280029002155,26.47443670188838,1.5,4.769,1079.672
4.019982439915994,1.5118734624837067,26.472293088295544,1.498,4.769,1082.187
4.020281420696433,1.511734697661973,26.480663145394722,1.498,4.769,1084.719
4.020356768245557,1.5072789283638588,26.481331578206603,1.498,4.769,1087.234
4.020761328891814,1.5107380070665064,26.487103409778282,1.5,4.769,1089.766
4.021010566978436,1.5108809451920295,26.4936864594817,1.498,4.769,1092.281
4.021143807930137,1.5105675581826645,26.489247113067925,1.5,4.769,1094.812
4.021513814589398,1.5095413106670108,26.49382705781133,1.498,4.769,1097.359
4.021832023827808,1.51048266638535,26.500830239329723,1.5,4.769,1099.828
4.022067968708102,1.510108433953075,26.5117990881586,1.5,4.769,1102.375
4.022369821949303,1.5105364358942046,26.507049526839186,1.498,4.775,1104.859
4.022647931194134,1.5128757837402043,26.508298128195506,1.5,4.775,1107.359
4.022689839311036,1.5101272478754437,26.507356522104686,1.5,4.775,1109.875
4.022935702389743,1.50800908170326,26.518190073465355,1.498,4.775,1112.406
4.023469762873345,1.5089839426609146,26.52610993444851,1.498,4.775,1114.953
4.023767962783921,1.5111631849063751,26.529824413705814,1.498,4.775,1117.484
4.023951126106742,1.5095735282043572,26.52843053686098,1.498,4.775,1120.0
4.024324099190747,1.509126808747252,26.528948412931282,1.5,4.775,1122.516
4.024336556291634,1.5088748301952943,26.536087568358177,1.498,4.775,1125.047
4.024667599023092,1.5106455348018417,26.53458634353765,1.498,4.775,1127.562
4.024948869089664,1.5096815380914916,26.539764769203316,1.498,4.775,1130.094
4.025192666336913,1.5107101567469015,26.54844474082662,1.5,4.775,1132.609
4.025773877129138,1.5119138791772015,26.55114003407147,1.498,4.775,1135.141
4.0261613691920495,1.5091551242748467,26.558643407991166,1.498,4.775,1137.656
4.02629034409563,1.5099215502057641,26.563990596975916,1.5,4.775,1140.187
4.026539061749297,1.5115845353978705,26.568224390596992,1.498,4.775,1142.703
4.0266914798289415,1.5082147374517592,26.567486043721402,1.498,4.775,1145.234
4.026789469146375,1.5064400255811177,26.575548347051566,1.5,4.775,1147.687
4.0274317770610875,1.507255414099192,26.580297476171936,1.5,4.775,1150.172
4.027830323256345,1.5095107568437056,26.57800476979643,1.498,4.775,1152.641
4.027805274064482,1.5128957294595744,26.590204658717674,1.5,4.775,1155.109
4.028372595821994,1.511469469488078,26.59050837882513,1.5,4.78,1157.578
4.028658591129681,1.5099194239817237,26.60022363420679,1.5,4.78,1160.094
4.028870399825968,1.510088481826802,26.602717131026857,1.498,4.78,1162.625
4.028996480248445,1.510599470325887,26.606348821206343,1.498,4.78,1165.141
4.029535684537954,1.5107422419358119,26.603160910265302,1.5,4.78,1167.672
4.029802086001213,1.51284453985405,26.602426242677573,1.5,4.78,1170.187
4.029827557416985,1.5113880281453165,26.6091908687223,1.498,4.78,1172.719
4.029736749359123,1.5120493098826324,26.60893858931783,1.5,4.78,1175.234
4.030537019297093,1.5085019686263257,26.615781972764793,1.5,4.78,1177.766
4.030773797416187,1.5121793985286567,26.624608053695926,1.5,4.78,1180.281
4.031022780551537,1.509985869755084,26.631585657225905,1.5,4.78,1182.797
4.031510916752071,1.512863293621157,26.636047660307597,1.5,4.78,1185.328
4.031559464959819,1.510401130870428,26.627915291368787,1.5,4.78,1187.844
4.031885188076444,1.5084002830072234,26.644043475539217,1.5,4.78,1190.375
4.032292873406233,1.5120416275886794,26.64406264675546,1.5,4.78,1192.844
4.032232389295251,1.5120840116323178,26.64445240318695,1.498,4.78,1195.328
4.032499388991059,1.5083766543991113,26.64315406498344,1.498,4.785,1197.797
4.033168890140464,1.5099626547570737,26.65875669537979,1.5,4.78,1200.359
4.033505640938265,1.5083290815963093,26.655055842420673,1.498,4.785,1202.859
4.033618695317493,1.509102946360989,26.665405273759564,1.498,4.785,1205.328
4.033726881071061,1.5111099006191568,26.666717279302333,1.498,4.785,1207.859
4.034196376646753,1.5116286804047026,26.66999139586493,1.5,4.785,1210.391
4.034599803105273,1.5105476473688277,26.67222990778703,1.498,4.785,1212.906
4.035038405809563,1.5100982949462498,26.677312753512926,1.5,4.785,1215.437
4.034908541852364,1.5081744829960395,26.675043138346446,1.498,4.785,1217.953
4.035135491249488,1.5107709200416441,26.678833746929282,1.5,4.785,1220.484
4.035397690007256,1.5092295531291626,26.68944477928698,1.5,4.785,1223.0
4.035844724682179,1.5100923299068172,26.695090418471683,1.5,4.785,1225.531
4.036241706584603,1.5100079133051516,26.696398983732358,1.5,4.785,1228.047
4.036271943569183,1.5130850210538718,26.70394273120495,1.5,4.785,1230.578
4.036732806296756,1.5104103209525246,26.70521492861116,1.5,4.785,1233.094
4.037031021328873,1.510001850713721,26.714142359260403,1.5,4.785,1235.625
4.036978543357835,1.5054572919521678,26.711522726679693,1.5,4.785,1238.141
4.037626132373608,1.5084120663142573,26.716547566143134,1.5,4.785,1240.656
4.037894410583111,1.5063723821086206,26.72802168555187,1.5,4.785,1243.187
4.0382814360916885,1.5099240911476357,26.72915356653727,1.498,4.785,1245.703
4.038527973016948,1.513171409365441,26.735563976146455,1.5,4.791,1248.234
4.03859368275754,1.5102018046954107,26.736772684656515,1.498,4.791,1250.75
4.038890277495138,1.5086787088823164,26.73476060242718,1.498,4.791,1253.281
4.038937816862778,1.5116084879413947,26.746488141954153,1.5,4.791,1255.797
4.039751514542243,1.5117513638314308,26.746312702390878,1.498,4.791,1258.328
4.039778805103576,1.5089728188997291,26.752955059354022,1.5,4.791,1260.844
4.04038389062287,1.5077844107677372,26.756502943638587,1.5,4.791,1263.375
4.040468139468594,1.5081327818407697,26.770719348635122,1.498,4.791,1265.891
4.040861859306705,1.5128108742358253,26.753503540973625,1.5,4.791,1268.422
4.041281118600592,1.5128646366152785,26.762085503521643,1.5,4.791,1270.969
4.041406892473717,1.5107795033153715,26.7674354211084,1.5,4.791,1273.5
4.041562798801312,1.5134323223985542,26.761899081828002,1.5,4.791,1276.016
4.041994834025114,1.512368017007423,26.77703676537361,1.5,4.791,1278.547
4.042479037104852,1.5107578051375254,26.778702145522423,1.5,4.791,1281.062
4.0426587864925,1.5108314841213513,26.778819071075134,1.5,4.791,1283.578
4.042905815738636,1.5097861693740977,26.777181460349052,1.5,4.791,1286.109
4.043267814711697,1.5115176419907728,26.78580235970051,1.5,4.791,1288.625
4.043404191411228,1.5093250296059066,26.79913746310835,1.5,4.791,1291.156
4.043805995510215,1.5129285534412948,26.8011199020191,1.498,4.791,1293.641
4.044169520791709,1.5124138362801018,26.801340465871878,1.498,4.791,1296.172
4.044391728135239,1.5101088788469965,26.80277694267717,1.498,4.791,1298.641
4.044566506243516,1.5093179074872862,26.81097129318201,1.5,4.796,1301.109
4.045257280517274,1.5112028212239117,26.808843853607616,1.5,4.796,1303.578
4.045275229999477,1.5076180335962446,26.816580145350724,1.5,4.796,1306.062
4.045514418228516,1.5115223046127237,26.816667752295245,1.5,4.796,1308.531
4.04587269333585,1.5091418673550046,26.827422746259337,1.498,4.796,1311.047
4.046381314748812,1.5098746221566162,26.83477182434724,1.5,4.796,1313.562
4.0466103824855955,1.5110960668319304,26.83123331084246,1.5,4.796,1316.094
4.047106827156109,1.508704350765978,26.837988194499538,1.5,4.796,1318.609
4.047151375187237,1.5089874010937905,26.83375193433474,1.5,4.796,1321.141
4.047336116699198,1.5097340773089896,26.84438970561648,1.5,4.796,1323.656
4.047749394851499,1.5126806944989653,26.851872245286682,1.498,4.796,1326.187
4.04791343682047,1.5100395805632831,26.85384693860157,1.498,4.796,1328.703
4.048365598552739,1.5075148469845572,26.852650770022407,1.498,4.796,1331.234
4.048829948946887,1.5098467539554514,26.861317494206812,1.5,4.796,1333.75
4.049026958757325,1.512716615610314,26.872087461403716,1.498,4.796,1336.281
4.049300855839716,1.5101545894038213,26.873129520896974,1.498,4.796,1338.797
4.049635399318456,1.5075918103696289,26.87183556468435,1.498,4.796,1341.312
4.050017173093217,1.5093160117607682,26.878035484168162,1.5,4.802,1343.844
4.050157827834294,1.5076070484240156,26.88170380758447,1.498,4.802,1346.359
4.050472781312408,1.50692191821208,26.886017787371017,1.5,4.802,1348.891
4.05070939125813,1.5109784814997105,26.88923956126778,1.5,4.802,1351.406
4.05123019512685,1.5131638224200559,26.901186055721233,1.498,4.802,1353.922
4.0514995622844845,1.5100260194578894,26.90450135134436,1.5,4.802,1356.453
4.051284005344423,1.5114891578136425,26.905520837043678,1.5,4.802,1358.969
4.052015960132004,1.5083427146028159,26.907272259625987,1.5,4.802,1361.531
4.0525029122002865,1.509346104367232,26.919176271798044,1.5,4.802,1364.047
4.052728907672741,1.5069578837706228,26.91073590426188,1.5,4.802,1366.578
4.05314302724951,1.5111678746324553,26.925340483379365,1.5,4.802,1369.094
4.053301534314686,1.5105709789996975,26.91971781795229,1.498,4.802,1371.625
4.053640178703392,1.5075448323380878,26.927311911317265,1.5,4.802,1374.141
4.053856087289844,1.511614494478517,26.932031792084718,1.498,4.802,1376.656
4.054377932034631,1.508880836318699,26.933218037406267,1.5,4.802,1379.187
4.054560073500804,1.5112373134656478,26.9376336155132,1.5,4.802,1381.656
4.054847083783084,1.5134429721160176,26.941110687880393,1.5,4.807,1384.172
4.055137345122871,1.5125852840262186,26.95052848122573,1.498,4.807,1386.766
4.055554904239566,1.509019411205585,26.95418290510801,1.5,4.807,1389.281
4.05599322165318,1.5077776250047275,26.956923461637736,1.498,4.807,1391.812
4.055969416957205,1.512430751020099,26.96664590018585,1.5,4.807,1394.328
4.056578513642284,1.510689965576774,26.971013144297167,1.498,4.807,1396.844
4.05683587080354,1.5094560025701413,26.966694894908215,1.5,4.807,1399.375
4.057057641099027,1.5121398450996302,26.975707903014456,1.5,4.807,1401.891
4.057329455976811,1.510808768908614,26.983224264303082,1.5,4.807,1404.422
4.057978015885807,1.509551220074685,26.977857818638057,1.498,4.807,1406.937
4.058496565478832,1.5104287639925136,26.979242853068502,1.498,4.807,1409.469
4.058307195425625,1.5120461433272796,26.98483781147873,1.5,4.807,1411.984
4.059061536932647,1.5122723605043866,26.999998679918555,1.498,4.807,1414.5
4.0589015448300545,1.5116671132974973,27.003069348309758,1.5,4.807,1417.031
4.058890308409876,1.5080003901475927,27.007852794531136,1.498,4.807,1419.547
4.05972952834579,1.5114987984977977,27.010782857786555,1.498,4.807,1422.078
4.0600018489141085,1.5125884745444318,27.022927115791212,1.5,4.812,1424.594
4.0601935320401985,1.5085239259317174,27.021478584452232,1.498,4.812,1427.125
4.060572529292213,1.5079920353336709,27.025809963650506,1.498,4.812,1429.641
4.061068381252472,1.5089452213446015,27.0353323556267,1.5,4.812,1432.156
4.061276543067127,1.5101695866056375,27.035912093338574,1.498,4.812,1434.687
4.06157979398998,1.5146744467390412,27.04408137025268,1.498,4.812,1437.203
4.0618252880660135,1.5121891969080223,27.04575358009921,1.498,4.812,1439.734
4.06230580909467,1.5122569358630282,27.037366995351338,1.5,4.812,1442.25
4.06264390442206,1.5110420134501048,27.043988818271888,1.5,4.812,1444.766
4.063158228144673,1.509374887445197,27.04401412359085,1.5,4.812,1447.297
4.06345008882282,1.5125485140839992,27.049572355359423,1.498,4.812,1449.844
4.06348493542736,1.5106998295438914,27.049603256130247,1.498,4.812,1452.359
4.063990095456008,1.511873609298118,27.054592085411517,1.498,4.812,1454.891
4.064004678524994,1.5110945268442417,27.062309789706458,1.5,4.812,1457.406
4.064492128978911,1.5090377771382808,27.06943440537619,1.5,4.812,1459.922
4.065002562403622,1.5102208823038146,27.080548076422613,1.5,4.812,1462.453
4.065056062242569,1.5121505144366085,27.08235507629049,1.498,4.812,1464.969
4.065455702109286,1.5125246749807184,27.084170596398597,1.5,4.812,1467.5
4.065813817453323,1.5103045142175773,27.078808948166557,1.498,4.818,1470.0
4.0661696749496645,1.512863090915503,27.082677308353148,1.5,4.812,1472.547
4.0664818250777515,1.5101284538519517,27.092374695457007,1.498,4.818,1475.078
4.066862875797074,1.5086565643482912,27.100241787194012,1.5,4.818,1477.594
4.0672831681001,1.5137337984949235,27.110731720830508,1.5,4.818,1480.125
4.067504815128903,1.5162076557394877,27.11935899536828,1.498,4.818,1482.641
4.067831681331401,1.5173703156182066,27.120278881461353,1.498,4.818,1485.172
4.067964635036456,1.5086573623214885,27.125403185373315,1.498,4.818,1487.687
4.06868632044708,1.5097555234589026,27.13365424010299,1.5,4.818,1490.203
4.068682019811948,1.510551803359351,27.127255816168095,1.498,4.818,1492.734
4.0690651120174985,1.5120635775697089,27.129301472983222,1.498,4.818,1495.25
4.069688962293151,1.509419433104754,27.147684581124473,1.498,4.818,1497.781
4.069954980146147,1.5124813189466983,27.154298047010254,1.5,4.818,1500.297
4.070148267381987,1.5113632782370963,27.141342463844747,1.498,4.818,1502.828
4.070550951663865,1.5104253308606668,27.15930476030206,1.498,4.818,1505.281
4.070898382688505,1.5085485466121726,27.16194024082109,1.5,4.823,1507.766
4.071074448386404,1.5112678629542071,27.165494024165646,1.5,4.818,1510.234
4.071634557223755,1.5127150187751484,27.172003613995233,1.5,4.823,1512.703
4.071917850097697,1.5133457718874421,27.17906235367742,1.5,4.823,1515.172
4.072259555399108,1.5094516421292692,27.178358882536468,1.5,4.823,1517.703
4.0729484946531365,1.51190522301432,27.18802609102552,1.5,4.823,1520.219
4.073185127801395,1.508903345739805,27.19107607585451,1.5,4.823,1522.75
4.073728121980514,1.5117199499508482,27.19290338285416,1.498,4.823,1525.266
4.07382419174347,1.5082241916718289,27.205740865495766,1.5,4.823,1527.797
4.073959070110228,1.5106154576732054,27.210207311880776,1.5,4.823,1530.312
4.074229153375869,1.5095432460834395,27.21427923432808,1.5,4.823,1532.828
4.074619178803805,1.510107432567333,27.223127592219754,1.5,4.823,1535.391
4.075058486642606,1.5150626288359348,27.22262434434647,1.498,4.823,1537.906
4.07525068519095,1.5114752642214966,27.231834371486958,1.498,4.823,1540.422
4.0758492732311185,1.5106694858108098,27.23776323865703,1.498,4.823,1542.906
4.076161137030974,1.5078827474550631,27.241427963294722,1.5,4.823,1545.391
4.0769111881381574,1.513519196476102,27.234401151015046,1.5,4.829,1547.859
4.076674871442576,1.5133192619162805,27.243991296043824,1.5,4.829,1550.328
4.076985027582495,1.5104023929934187,27.244305350028235,1.5,4.823,1552.797
4.077468470911013,1.5100482310450463,27.243167660512512,1.498,4.829,1555.281
4.077917184715196,1.509932075009815,27.247159424238976,1.5,4.829,1557.812
4.078119661430312,1.5095200151432449,27.243979312248328,1.498,4.829,1560.328
4.078508006290478,1.5110660972756063,27.253114537502594,1.498,4.829,1562.859
4.079026541993975,1.513056407924518,27.264547224021303,1.5,4.829,1565.375
4.079055179895506,1.514540572377223,27.268674501159204,1.498,4.829,1567.906
4.079627209499822,1.5153474139410235,27.267704092852085,1.5,4.829,1570.422
4.079774994260913,1.5087115588836078,27.271994936301372,1.498,4.829,1572.953
4.080315016822689,1.506189494987291,27.28193853456361,1.5,4.829,1575.469
4.080498640844998,1.5140994864814246,27.28508235996199,1.498,4.829,1577.984
4.08085465889124,1.5090115856879904,27.28274951633451,1.5,4.829,1580.516
4.081242884642258,1.5101299679508533,27.291234555812828,1.498,4.829,1583.031
4.08187004227615,1.512474405505226,27.297611077336203,1.498,4.829,1585.562
4.082054717584329,1.5108588820895905,27.305566904896498,1.5,4.834,1588.078
4.082423874376152,1.5082848811778975,27.308272519264236,1.498,4.834,1590.609
4.082736875165981,1.5061405199301765,27.324062135311106,1.498,4.834,1593.125
4.0829823636321185,1.5098270208120381,27.319520169551225,1.5,4.834,1595.656
4.08337617357989,1.5089088236105699,27.322465004910704,1.498,4.834,1598.172
4.083898618862443,1.5067421032804722,27.322143322937386,1.498,4.834,1600.687
4.084069151470778,1.5139487345502216,27.328426385558437,1.498,4.834,1603.219
4.084702116448353,1.5122057120627312,27.333765719563683,1.498,4.834,1605.734
4.0845681013869815,1.5136005928102543,27.330421205562097,1.498,4.834,1608.266
4.084930184157252,1.5111405214861822,27.334532566523976,1.498,4.834,1610.781
4.085482429940827,1.5138114935989924,27.349650973907842,1.5,4.834,1613.312
4.085885822848468,1.5095714340706547,27.360246030670012,1.5,4.834,1615.766
4.086129345361422,1.512387747788966,27.363706048730553,1.498,4.834,1618.25
4.086802261416763,1.5111314409542544,27.372475602158406,1.5,4.834,1620.719
4.086837425031936,1.5138378855682266,27.375854139819683,1.5,4.834,1623.187
4.0875485705099655,1.5125582048538737,27.37830491590694,1.5,4.834,1625.656
4.087734338836728,1.508976881657524,27.3855603529251,1.5,4.834,1628.156
4.088115143891303,1.5117165392465175,27.38688234017196,1.5,4.839,1630.625
4.0884551894320715,1.511350702541941,27.395163627736856,1.5,4.839,1633.094
4.088905754348866,1.5122412522482536,27.401222850618492,1.498,4.839,1635.609
4.0892617016623936,1.5132783864866053,27.40197654892642,1.5,4.839,1638.141
4.089379144474208,1.5094112788649292,27.402661462751823,1.5,4.839,1640.656
4.089956328003006,1.5105565427445082,27.407218720349732,1.498,4.839,1643.187
4.090430809514331,1.5111705519815548,27.41724551925991,1.498,4.839,1645.703
4.09082274017864,1.5080934950656923,27.420252191593857,1.5,4.839,1648.234
4.091302084873876,1.5059105087044715,27.4156448313978,1.498,4.839,1650.75
4.091437639321563,1.5065860741437385,27.4266979137561,1.498,4.839,1653.281
4.091769999474561,1.5080395302729261,27.433032673607403,1.498,4.839,1655.797
4.09224499806281,1.5044735414990438,27.433989102836435,1.5,4.839,1658.312
4.092362715567434,1.5072423997922537,27.443580341211746,1.5,4.839,1660.844
4.093053632568853,1.5102735222002328,27.444334457761617,1.5,4.839,1663.359
4.09294090883094,1.5084944561441858,27.450922324912344,1.5,4.845,1665.828
4.0935501771183915,1.5094274320629832,27.45689442433223,1.5,4.845,1668.328
4.094175315963958,1.510456705303826,27.46530398378291,1.5,4.845,1670.828
4.094426181714755,1.5115387426244125,27.469773855555356,1.5,4.845,1673.344
4.094931352852138,1.511193873050358,27.47176937196058,1.498,4.845,1675.875
4.0951516213910395,1.510518184964737,27.476207521715832,1.5,4.845,1678.391
4.095539708066341,1.512101847541124,27.478274490413032,1.498,4.845,1680.922
4.096042504102522,1.5153143718204092,27.49593573019643,1.5,4.845,1683.437
4.096310158551098,1.508836614850478,27.488502152535645,1.5,4.845,1685.969
4.096338918569169,1.5099264467001678,27.484780199031533,1.498,4.845,1688.484
4.097166363565005,1.5099777427397885,27.498273167180635,1.498,4.845,1691.016
4.0972601077481405,1.5093173245499385,27.495046940064967,1.498,4.845,1693.531
4.097891335075095,1.5113615840174175,27.503126365521943,1.5,4.845,1696.062
4.098074399731965,1.5154078420425587,27.501502721219172,1.498,4.845,1698.578
4.098759729506501,1.508153202243379,27.506140306512435,1.5,4.845,1701.109
4.098866161691832,1.5099070624099773,27.514901430357988,1.498,4.85,1703.625
4.099436808212912,1.5104334042040382,27.517020278388113,1.5,4.85,1706.141
4.099736039453779,1.5147186583027759,27.527400547488657,1.5,4.85,1708.672
4.100114628685894,1.5078043624214212,27.530060926948888,1.5,4.85,1711.187
4.100904762018503,1.5104707534706203,27.542056752826518,1.5,4.85,1713.719
4.100801566929084,1.5114967929108536,27.542495661117602,1.5,4.85,1716.234
4.101168337901567,1.5086529723391995,27.540678784755833,1.5,4.85,1718.75
4.101667812816447,1.5083753487234448,27.54738251751264,1.498,4.85,1721.281
4.10204789167723,1.5082742386738406,27.559434143264365,1.498,4.85,1723.797
4.102522042800376,1.5112781725319793,27.564165389250643,1.498,4.85,1726.328
4.102728339194363,1.511819941290441,27.57937449511767,1.498,4.85,1728.844
4.103158858627492,1.5136837000920709,27.57868112855828,1.498,4.85,1731.391
4.103419712677513,1.5114760584482054,27.588184217659617,1.498,4.85,1733.875
4.10379497048864,1.510359066874501,27.57613178627631,1.5,4.856,1736.328
4.1043468534745395,1.5114414940511331,27.58601233856067,1.498,4.856,1738.797
4.104838346624006,1.5099152943179373,27.595173390859394,1.498,4.856,1741.391
4.10519300147314,1.5074469609428565,27.604604724788757,1.5,4.856,1743.906
4.105675491419345,1.5087960941282839,27.607593604852486,1.5,4.856,1746.437
4.105981622774047,1.5100711493424117,27.613343559812993,1.498,4.856,1748.953
4.106186090476693,1.5115828156945599,27.615242402291905,1.498,4.856,1751.484
4.106858380629553,1.5087962252393965,27.62261378481472,1.498,4.856,1754.0
4.1071097051245955,1.5079646458081277,27.62266306171202,1.5,4.856,1756.531
4.107646006064692,1.50934042443202,27.624727417037878,1.5,4.856,1759.047
4.108039373330555,1.5108774547468018,27.626732852637296,1.5,4.856,1761.562
4.108360391845333,1.5127800006545977,27.632074624921465,1.5,4.856,1764.094
4.108723441197136,1.5087418883077472,27.64329469087837,1.5,4.856,1766.609
4.109008312774888,1.5113515059401803,27.646791923751223,1.5,4.856,1769.141
4.109515902043451,1.5089597112251647,27.654081233992915,1.498,4.861,1771.656
4.10989259225259,1.511902219543337,27.661795740859834,1.5,4.861,1774.187
4.110339973551852,1.5110148849081715,27.6599866774946,1.498,4.861,1776.703
4.11054931222676,1.5110021220426328,27.67130458510877,1.498,4.861,1779.234
4.111126601660702,1.5091125601907633,27.67183060014951,1.498,4.861,1781.75
4.111522074956915,1.5082170094495364,27.682156768764287,1.498,4.861,1784.281
4.11176827774454,1.5126655969488227,27.686985126957005,1.5,4.861,1786.797
4.1120580991917315,1.5086142991979725,27.689222250683663,1.5,4.861,1789.312
4.113042202888312,1.5096225240093284,27.69577251954706,1.5,4.861,1791.844
4.112869276239936,1.5098078049999848,27.700077634654175,1.498,4.861,1794.359
4.113547243352077,1.5095511275998206,27.70537414175016,1.498,4.861,1796.891
4.113718713932369,1.5121344144174091,27.70417727594954,1.5,4.861,1799.406
4.114207959352469,1.5109145201888647,27.711204738389302,1.498,4.861,1801.937
4.114383944365332,1.5079794256147458,27.717906068904245,1.5,4.861,1804.437
4.11519338753025,1.5105884938295948,27.72548189816922,1.5,4.866,1807.016
4.115607588791679,1.5101914754682257,27.729548710236,1.5,4.866,1809.547
4.1157889541418236,1.5119792235291587,27.73567516699899,1.498,4.866,1812.062
4.11612475522438,1.5107691980922537,27.749948220996163,1.5,4.866,1814.594
4.116542839095739,1.5105511548440713,27.753449059218383,1.5,4.866,1817.109
4.116790050033767,1.5105795604723251,27.754142454034675,1.5,4.866,1819.625
4.117540181382163,1.5111977067024163,27.764442397216683,1.5,4.866,1822.156
4.117751910033291,1.5115412033396558,27.76969390538037,1.498,4.866,1824.672
4.118098006981787,1.5130944414462537,27.775736463518765,1.5,4.866,1827.203
4.118440825519996,1.5129557206853192,27.766216941335195,1.498,4.866,1829.719
4.118873207606782,1.5090467209995897,27.77630576466115,1.498,4.866,1832.25
4.119621510132116,1.5091746677543878,27.78194724569104,1.5,4.866,1834.766
4.119763285969818,1.5109622374832252,27.782180981996813,1.498,4.872,1837.281
4.120336605027669,1.5081034125398256,27.789656842951167,1.5,4.872,1839.75
4.120767340586781,1.511894078514393,27.80145474144104,1.5,4.872,1842.234
4.120908540263972,1.510789525605624,27.801655399533445,1.5,4.872,1844.703
4.121429365475028,1.509256775501655,27.807692918316565,1.498,4.872,1847.172
4.121834177082161,1.5099089388983087,27.81765556608227,1.498,4.872,1849.641
4.12220237810127,1.510801676031407,27.81505945666055,1.5,4.872,1852.172
4.122747339077906,1.5114746034228999,27.819565450377045,1.498,4.872,1854.687
4.123195896301831,1.5099941558665013,27.834749991885545,1.5,4.872,1857.562
4.123492440565822,1.509687247896316,27.842583359675167,1.498,4.872,1860.187
4.123746024307025,1.5112272338232187,27.844933718287233,1.5,4.872,1862.766
4.124399616604684,1.5108773479484054,27.858627135248,1.5,4.872,1865.328
4.1246594440755615,1.5130314551258925,27.862895183745994,1.498,4.872,1867.922
4.125174565969108,1.5093486064172585,27.859577066480487,1.498,4.877,1870.547
4.125611826866778,1.5125501155009458,27.86144417245652,1.498,4.877,1873.109
4.126096731048241,1.5101991350096338,27.865135153045667,1.498,4.877,1875.672
4.126294509977934,1.5131467143478186,27.86924492497779,1.5,4.877,1878.234
4.126797231611579,1.5108593992848567,27.881008728073184,1.498,4.877,1880.797
4.127186809116985,1.5110810613057848,27.88401613777021,1.498,4.877,1883.359
4.127605520959446,1.5117607884115312,27.88793469185299,1.498,4.877,1885.922
4.128003883383552,1.5113150157821638,27.895144296963622,1.5,4.877,1888.484
4.12843815665496,1.5073558339734092,27.89455650071004,1.5,4.877,1891.031
4.1290066188342704,1.5092577464666834,27.90298139875428,1.5,4.877,1893.609
4.129282557471026,1.5088618133119653,27.907427788640724,1.5,4.877,1896.172
4.129929642267972,1.5075496932306534,27.91067081986946,1.5,4.877,1898.734
4.130011643506332,1.5106777887907863,27.907469892729388,1.498,4.883,1901.297
4.1304922949914085,1.513526848140235,27.916081600368297,1.498,4.883,1903.859
4.130876420065819,1.5100043682538034,27.922730020593406,1.5,4.883,1906.422
4.131675754836699,1.5097110674445087,27.921157264033504,1.498,4.883,1909.0
4.132036012752361,1.5108742120963319,27.928042593396935,1.498,4.883,1911.562
4.132396829178287,1.5079959425995435,27.928079624038432,1.498,4.883,1914.125
4.132767027761519,1.5088539970084751,27.936457721462656,1.5,4.883,1916.687
4.13311232282055,1.5099872299338881,27.94470147578431,1.5,4.883,1919.25
4.133620298611567,1.5121411027853044,27.953934388174368,1.498,4.883,1921.812
4.133933001553697,1.508759065356595,27.969283354056024,1.5,4.883,1924.391
4.134420549282066,1.510361198709153,27.972824406727103,1.498,4.883,1926.953
4.134749577883321,1.5088873933068447,27.993632107417508,1.5,4.883,1929.516
4.135072555536709,1.5067168346279294,27.988878063782703,1.5,4.883,1932.078
4.135665603203743,1.5085892477021454,27.992519959059873,1.5,4.883,1934.641
4.136175338889938,1.5119418021259694,27.992081314993772,1.5,4.883,1937.203
4.136584579589506,1.5076608059488512,27.98356390455596,1.5,4.883,1939.797
4.136913515818369,1.5120540565810416,27.985036530007182,1.498,4.888,1942.359
4.137391307357846,1.5104508411196291,27.998081110153937,1.5,4.888,1944.922
4.13769609906886,1.5094341800100963,27.99505272199731,1.498,4.888,1947.516
4.137962017434891,1.5125220007034015,28.010628103506164,1.5,4.888,1950.078
4.138673871513411,1.5094272603241659,28.011698911450818,1.5,4.888,1952.641
4.139135178597755,1.508963904466369,28.01214918485871,1.5,4.888,1955.203
4.13926786006061,1.509682212370276,28.015164284339306,1.498,4.888,1957.781
4.139767127539016,1.5106840429766109,28.019811607620312,1.5,4.888,1960.344
4.140237160578066,1.509026979529145,28.027238705891854,1.5,4.888,1962.906
4.1405546747525435,1.5107736276731598,28.0334429801672,1.5,4.888,1965.469
4.141016883438219,1.5038303376330948,28.047440519351063,1.5,4.888,1968.047
4.141312408599635,1.5106944234142405,28.046445727900814,1.5,4.888,1970.609
4.141475156407793,1.5115620558635814,28.047555950649937,1.5,4.888,1973.172
4.142442152357585,1.5096846849403351,28.049160197429433,1.498,4.893,1975.734
4.142586059648894,1.5102126128212043,28.05795946428069,1.5,4.893,1978.297
4.143024395388657,1.510981138797581,28.060027873145142,1.498,4.893,1980.859
4.1437058731902106,1.5087998261540216,28.067064503134354,1.498,4.893,1983.422
4.144076312428255,1.5106201239311738,28.07423862570914,1.498,4.893,1985.984
4.144607527483339,1.5107460301276918,28.08441672885461,1.5,4.893,1988.547
4.144887380698373,1.51159332030986,28.09261124937741,1.5,4.893,1991.094
4.145104676540484,1.5085993455568432,28.095326162270258,1.5,4.893,1993.672
4.145755505221558,1.513477164681567,28.099388458913253,1.498,4.893,1996.234
4.146087260155511,1.5099427095522084,28.110959982546362,1.5,4.893,1998.797
4.146489732578132,1.510032051450572,28.118768365505407,1.5,4.893,2001.359
4.147222103698101,1.5100449014425008,28.121227230994414,1.498,4.893,2003.953
4.147398217640966,1.5124026441903111,28.12977573571518,1.5,4.899,2006.547
4.147738061897079,1.5102338887462092,28.138122433722142,1.498,4.899,2009.125
4.148238414473045,1.5083909246385998,28.146989062091894,1.498,4.899,2011.687
4.148535211368896,1.5108757363050336,28.149096612831283,1.498,4.899,2014.266
4.149030258237427,1.5085196034818857,28.153494740247808,1.498,4.899,2016.828
4.149421047830623,1.5114914815354386,28.166832045693294,1.498,4.899,2019.375
4.1500117024729235,1.5101207441425313,28.168808941166326,1.5,4.899,2021.937
4.150529598635001,1.5101084858070655,28.172597955135817,1.5,4.899,2024.5
4.150623654340297,1.5089681433691007,28.180965372289304,1.5,4.899,2027.062
4.15112144656623,1.5094097173563084,28.190120229935626,1.5,4.899,2029.641
4.151536895705635,1.5114583653198441,28.1964931342562,1.5,4.899,2032.187
4.151989316887812,1.5105989428740043,28.19786182959444,1.5,4.899,2034.75
4.152328006901076,1.509960975605257,28.215023165962755,1.5,4.899,2037.312
4.152802820126001,1.5095255406736197,28.21828125287363,1.5,4.899,2039.875
4.15344292519834,1.5126870561896597,28.231580770034714,1.498,4.904,2042.437
4.153711332130951,1.508890190681882,28.228927186226176,1.498,4.904,2045.016
4.153930023477427,1.5093466630842562,28.239398344444655,1.498,4.904,2047.578
4.154528187754701,1.5097781728335355,28.252278175731714,1.5,4.904,2050.141
4.154736374669703,1.5089846175897692,28.25509516173194,1.5,4.904,2052.703
4.155499503394247,1.511422133029772,28.25313844136851,1.5,4.904,2055.266
4.15556134761274,1.5095247525095925,28.26251275888153,1.5,4.904,2057.828
4.156514229198306,1.5117928039790367,28.264691343868584,1.5,4.904,2060.406
4.156630709197022,1.51149887181775,28.269859688065726,1.5,4.904,2062.969
4.156707667525531,1.5090071821095883,28.281341723933444,1.498,4.904,2065.531
4.157651596822673,1.512213599874943,28.289197962723474,1.5,4.904,2068.094
4.15766769965943,1.5111170582960933,28.29588108073555,1.498,4.904,2070.656
4.158440694537354,1.5109724514994998,28.303473777745687,1.5,4.904,2073.234
4.1584920806245815,1.5082319723125328,28.308607575720114,1.5,4.904,2075.797
4.158917047898779,1.5122390899932168,28.316816874411582,1.5,4.91,2078.359
4.1595349354583435,1.5068959717883912,28.326113334352833,1.5,4.91,2080.937
4.159924139860609,1.5093414667392289,28.331393175619358,1.5,4.91,2083.5
4.160343399374303,1.5064451904596072,28.332835915877443,1.498,4.91,2086.062
4.160684815229988,1.5129940559816573,28.348657080669597,1.498,4.91,2088.625
4.161025002245828,1.5091961412882804,28.35668868006275,1.5,4.91,2091.187
4.161616097453278,1.5121706134888582,28.36213984140079,1.5,4.91,2093.75
4.162087048636322,1.5081879416105566,28.368585712067528,1.498,4.91,2096.312
4.162312537119821,1.5083523010548454,28.372072257093574,1.5,4.91,2098.875
4.162843284365314,1.5117109432378635,28.383742178840535,1.498,4.91,2101.469
4.163105063533214,1.507530192959967,28.388590304119393,1.498,4.915,2104.031
4.163476813873542,1.5113024026103783,28.39548750874643,1.498,4.915,2106.625
4.16405070028538,1.508274811311901,28.405232398205293,1.498,4.915,2109.187
4.164498955448215,1.5097911808859799,28.41076262596235,1.498,4.915,2111.75
4.16500556131407,1.511576424890864,28.41151950715464,1.5,4.915,2114.312
4.165526840994374,1.5116728622361137,28.42327315507278,1.5,4.915,2116.875
4.165731608353926,1.5091165408986893,28.426919465287018,1.498,4.915,2119.437
4.166244711002956,1.5099683272564899,28.442288167159635,1.498,4.915,2122.0
4.166568864158563,1.5115471982410358,28.450883327966398,1.5,4.915,2124.562
4.167255138792982,1.511298035251792,28.448263667997416,1.5,4.915,2127.125
4.167445809528789,1.5105703023241974,28.46451070058439,1.5,4.915,2129.687
4.167913766238691,1.5088253616369105,28.469452237499056,1.498,4.915,2132.25
4.1684050569452085,1.5100658055115639,28.476644902964164,1.498,4.915,2134.812
4.168869660367954,1.510045474894752,28.486806906073685,1.498,4.921,2137.406
4.169297074776498,1.512605786660351,28.49812858208439,1.5,4.921,2139.969
4.169699397279412,1.509786712783095,28.497796507548156,1.5,4.921,2142.531
4.1700085653007255,1.506763602344079,28.50515560071401,1.498,4.921,2145.094
4.170535037255413,1.5093875269082577,28.509816154966476,1.498,4.921,2147.656
4.17094437579753,1.511928717742012,28.520173209815486,1.5,4.921,2150.219
4.171267696929234,1.509733775050767,28.53062182268549,1.498,4.921,2152.781
4.171616629024698,1.511338351892363,28.541373634804756,1.498,4.921,2155.344
4.172395232601743,1.5099673101138604,28.54404583693155,1.5,4.921,2157.906
4.172617290939782,1.5097561802990354,28.548021345160166,1.498,4.921,2160.469
4.172942655044693,1.5127485327551229,28.557225541491075,1.5,4.921,2163.031
4.173464276383303,1.5096507461886373,28.570420580094968,1.498,4.921,2165.594
4.1739395136605495,1.5096055426858634,28.580021463043746,1.5,4.921,2168.234
4.17415849848719,1.5105293079337994,28.580673305254106,1.498,4.926,2170.859
4.174670015743316,1.5099622676583204,28.590799684084995,1.498,4.926,2173.422
4.174956906853236,1.509356811730919,28.594967319764823,1.498,4.926,2175.984
4.175493832999885,1.5107086982830489,28.60037856937991,1.498,4.926,2178.547
4.175984108970914,1.5106626969464927,28.61398918563683,1.498,4.926,2181.109
4.176211245176265,1.5128995248199155,28.622819892824175,1.5,4.926,2183.672
4.176476285149978,1.5069735812938712,28.6247418983253,1.498,4.926,2186.234
4.177185830532426,1.5088708066285306,28.628667015357706,1.498,4.926,2188.797
4.177600710203533,1.509620707878219,28.65133131242297,1.498,4.926,2191.359
4.178318328037585,1.5115510969212698,28.65961700494378,1.5,4.926,2193.922
4.178401578175886,1.5118676899141252,28.67060276944922,1.498,4.926,2196.484
4.179021406058704,1.5118260867852562,28.68431566306081,1.5,4.926,2199.047
4.179011532637978,1.510085500448677,28.68716998218409,1.5,4.926,2201.594
4.179271173034566,1.5114513661066318,28.69031086328987,1.498,4.926,2204.156
4.180156056764105,1.5083714806336834,28.699451510591082,1.498,4.926,2206.719
4.18063497524682,1.5086809248396944,28.708962349168353,1.5,4.931,2209.281
4.180961419128233,1.5098177898264424,28.70957278352288,1.5,4.931,2211.844
4.181385306383379,1.5117453880896063,28.72328403833571,1.5,4.931,2214.422
4.18211926627239,1.513466821688808,28.7312687371095,1.5,4.931,2216.984
4.1824423118856755,1.5081995558118937,28.741135209863874,1.5,4.931,2219.547
4.182787352670307,1.5119352680708127,28.754763868615512,1.5,4.931,2222.109
4.1830648531909915,1.512197845733794,28.754639429482502,1.498,4.931,2224.656
4.183600634313497,1.5123274378555174,28.76253627144996,1.5,4.931,2227.234
4.183821775887633,1.5111341338389987,28.775253190407202,1.498,4.931,2229.797
4.184295394421484,1.507362963572042,28.785006792452883,1.498,4.931,2232.344
4.1848503726862365,1.5108796494203323,28.80171961875711,1.5,4.931,2234.906
4.184928960465623,1.5087175732967084,28.805595041102315,1.5,4.931,2237.531
4.185647552265469,1.5117599125854149,28.812298477282532,1.5,4.937,2240.109
4.186115656453705,1.5131507530939254,28.817002791394916,1.498,4.937,2242.672
4.186553328566239,1.510262245046609,28.831611644597437,1.5,4.937,2245.234
4.187055517799753,1.5154352631847454,28.833050843848405,1.5,4.937,2247.797
4.187210638710939,1.5075933068982477,28.843112718638384,1.5,4.937,2250.359
4.187766286162449,1.5103162153208185,28.857914587575127,1.498,4.937,2252.922
4.1880431131366445,1.508801212410511,28.873737329996622,1.498,4.937,2255.484
4.188727982455112,1.5091188463526912,28.886723581698572,1.5,4.937,2258.047
4.189264894339729,1.5071055059854437,28.88810411454716,1.498,4.937,2260.594
4.189593462922536,1.5084945403469354,28.90115237602973,1.498,4.937,2263.156
4.189950760160023,1.513547750359724,28.896273863788096,1.498,4.937,2265.719
4.190136145223126,1.508697559266079,28.902392813683157,1.5,4.937,2268.281
4.190834867258836,1.511387943472429,28.907615971792815,1.5,4.937,2270.844
4.191346628451357,1.5096550148779497,28.91930738544819,1.498,4.942,2273.406
4.191518759620227,1.5077333721312514,28.931116977197036,1.498,4.942,2275.969
4.191946033898273,1.511567800896211,28.939108799238234,1.498,4.942,2278.531
4.1925283938575735,1.5105666806287923,28.951755128757952,1.5,4.942,2281.094
4.192663707346708,1.5112125836571422,28.95594904579849,1.5,4.942,2283.656
4.193216299362382,1.5067695408830992,28.968628873930424,1.5,4.942,2286.219
4.193797467573707,1.5098078184963193,28.973806729542016,1.5,4.942,2288.781
4.19410603234338,1.5148481020692512,28.986810536596014,1.498,4.942,2291.344
4.194189809851285,1.5110855231915232,28.98974441654146,1.5,4.942,2293.906
4.1950625966359425,1.5104748574871296,28.99336314092828,1.5,4.942,2296.516
4.194972563416118,1.5112154447839408,29.011439129824673,1.5,4.942,2299.062
4.195890700079075,1.5127049632989893,29.022619109052,1.5,4.942,2301.703
4.19627752539284,1.5090066896529102,29.02786943538352,1.5,4.942,2304.312
4.196482369063561,1.5106174622979398,29.04101562212039,1.498,4.948,2306.875
4.1970117186936875,1.5091960996329588,29.058386240975263,1.5,4.948,2309.437
4.19729093537788,1.5081112644047483,29.05721346105244,1.498,4.948,2312.0
4.197776034949468,1.5101342136289466,29.072670951564433,1.498,4.948,2314.562
4.1982535511456724,1.5097601958165645,29.078442251007917,1.498,4.948,2317.125
4.19845590024083,1.5110400483176238,29.092837997792046,1.498,4.948,2319.687
4.199030153940955,1.5123093255887377,29.09846924049521,1.498,4.948,2322.234
4.199364371194792,1.5122310522618574,29.103502997084355,1.5,4.948,2324.797
4.199943893313528,1.513737288177909,29.114512084277226,1.498,4.948,2327.359
4.200347337512858,1.5113560394513739,29.130344191492703,1.498,4.948,2329.937
4.200898015797119,1.509946691727804,29.13925611954747,1.498,4.948,2332.859
4.201051790557199,1.5090096154392054,29.158938312988322,1.497,4.948,2335.609
4.201613777390813,1.5077756840206473,29.166783914517044,1.497,4.948,2338.312
4.201848998790196,1.5077793827942523,29.1739961758696,1.496,4.948,2341.031
4.202114996758391,1.5039443985879382,29.187606046503056,1.494,4.948,2343.75
4.202368213132407,1.5062371908632042,29.192810110549573,1.494,4.948,2346.484
4.202888990997424,1.5048592536776164,29.20110242368353,1.493,4.948,2349.203
4.203398510169976,1.5031504187566176,29.212731472090468,1.493,4.948,2351.937
4.203508508337703,1.503195000953638,29.223247455536686,1.492,4.948,2354.594
4.2042113326865875,1.4990013935905215,29.233259544207503,1.492,4.948,2357.328
4.204278816096934,1.5015573062721705,29.251971206960942,1.49,4.948,2360.0
4.204994666333008,1.5010811112641331,29.261610414616662,1.49,4.948,2362.719
4.205258810430625,1.4998063070151786,29.265352754827926,1.489,4.948,2365.391
4.205524014997442,1.4982179934504891,29.284191547410025,1.488,4.948,2368.109
4.205722279686259,1.5004985291903143,29.285841973898574,1.488,4.948,2370.781
4.2059582452215585,1.4971091473734388,29.294034045060904,1.486,4.948,2373.516
4.206466616892691,1.497313710578367,29.309333747269864,1.486,4.948,2376.219
4.20701931678862,1.4962051434243508,29.31629060470897,1.485,4.948,2378.937
4.20667407110236,1.4855517402167546,29.319256355363166,1.475,4.942,2381.641
4.2059348927084645,1.4744918745549567,29.33478275942013,1.464,4.937,2384.391
4.205081425220546,1.465215683395133,29.34234964526606,1.454,4.931,2387.141
4.205664159145326,1.4674842882935621,29.360117484989654,1.454,4.931,2389.859
4.2050806699939,1.4535051557984666,29.364127933642152,1.444,4.926,2392.625
4.205519421186942,1.45351891778175,29.372413088799494,1.444,4.926,2395.344
4.205726955786156,1.4527863501986384,29.381023371711876,1.443,4.926,2398.016
4.205033536040482,1.4465822355259423,29.382180631767074,1.433,4.921,2400.781
4.205196876760291,1.438190876690135,29.391877793529616,1.433,4.921,2403.437
4.205465373568683,1.4434484728960995,29.40232591652021,1.432,4.921,2406.172
4.206123568573287,1.4430945529252945,29.411308946706914,1.432,4.921,2408.844
4.206133067891243,1.43801397581849,29.419298402341873,1.432,4.921,2411.578
4.206092693626274,1.4431556307445585,29.432501704724935,1.43,4.921,2414.234
4.2064511444396775,1.4413667904803016,29.43741171992114,1.43,4.921,2416.969
4.206670425925214,1.441090552994469,29.44841415147246,1.429,4.921,2419.641
4.206238021164088,1.4296312889568188,29.450329003900144,1.42,4.915,2422.406
4.205604385166653,1.419540336086409,29.464316673602156,1.409,4.91,2425.094
4.20582760474146,1.4200727513554612,29.470718546571995,1.409,4.91,2427.828
4.206164371602217,1.4169957250607716,29.47189817860549,1.409,4.91,2430.5
4.206566425919504,1.4193473014732483,29.489370118972413,1.409,4.91,2433.219
4.206219675184473,1.4124798959455473,29.49543051530386,1.398,4.904,2435.922
4.205550235339554,1.3992856089112902,29.499732323516124,1.388,4.899,2438.687
4.20556266157213,1.3974890591062337,29.50542901108979,1.388,4.899,2441.359
4.205736270271567,1.398653805001878,29.513173577330775,1.387,4.899,2444.078
4.206002922632881,1.400607264036743,29.51791731091983,1.387,4.899,2446.75
4.20642497216064,1.3948472607248956,29.525654124157985,1.387,4.899,2449.484
4.206344568064623,1.3961999518265853,29.538597358525465,1.387,4.899,2452.156
4.206894602430762,1.3942868854492052,29.54675219227628,1.386,4.899,2454.875
4.205910023450419,1.3831351686344078,29.547691336451255,1.375,4.893,2457.578
4.205844022718472,1.3785248587835237,29.55957079021936,1.365,4.888,2460.328
4.205834962963198,1.3763118726557089,29.569150069388083,1.365,4.888,2463.0
4.206263512925271,1.3746414366977504,29.57663063523369,1.364,4.888,2465.672
4.2064465613523065,1.3796456605908838,29.583000314499696,1.364,4.888,2468.391
4.206540544317829,1.372550112557824,29.586508014236266,1.363,4.888,2471.062
4.207189253243687,1.373315017865174,29.595559251694645,1.363,4.888,2473.797
4.206254581621948,1.3641480413556195,29.603789099711022,1.353,4.883,2476.484
4.206586255705154,1.364303173598759,29.606367630595425,1.352,4.883,2479.219
4.20602122616556,1.35441860975361,29.618604664146623,1.342,4.877,2481.922
4.205521444933028,1.340795444543629,29.62043372036866,1.333,4.872,2484.672
4.205461301263592,1.3368212769746048,29.630746320966473,1.333,4.872,2487.344
4.205699385432832,1.3396193043989055,29.64267193805815,1.333,4.872,2490.078
4.206050814669674,1.3425424576375329,29.641814845073622,1.331,4.872,2492.75
4.206292734702256,1.3425975600525644,29.65217412430007,1.331,4.872,2495.469
4.206373517465788,1.3374949734360682,29.65258593266376,1.33,4.872,2498.141
4.20666235266874,1.342057677675664,29.664671577370672,1.33,4.872,2500.875
4.206170815395722,1.3309146035825241,29.6633275601991,1.32,4.866,2503.578
4.205703749028507,1.3192408448157604,29.661504022026314,1.31,4.861,2506.328
4.2059533265483156,1.3231446422538018,29.672669208375158,1.31,4.861,2509.0
4.206112087275866,1.3205556469816422,29.68272065403993,1.31,4.861,2511.734
4.206311810614097,1.3197786446732107,29.686916446955514,1.308,4.861,2514.406
4.206853937871083,1.3169817813978326,29.684848943498153,1.308,4.861,2517.141
4.2059975892537524,1.3083780837289833,29.691410295995436,1.299,4.856,2519.828
4.206204050646266,1.3061457270353958,29.69985367631869,1.297,4.856,2522.562
4.206458156594969,1.3069756968837056,29.701438372338895,1.297,4.856,2525.25
4.206460156789183,1.3089870460363873,29.7134115289225,1.297,4.856,2527.969
4.206945240731625,1.3061951815029758,29.708463645767196,1.296,4.856,2530.641
4.206290107399195,1.297348680236981,29.713312428456714,1.286,4.85,2533.406
4.20650086637232,1.2941933527351146,29.715628139395445,1.285,4.85,2536.078
4.206720377636612,1.2946596139014046,29.722252963665298,1.285,4.85,2538.797
4.206071307906529,1.282227572821489,29.71555543833034,1.276,4.845,2541.484
4.2066572591587486,1.28261361951097,29.729617982932467,1.274,4.845,2544.234
4.206014088616949,1.2751128478910647,29.723123203283457,1.265,4.839,2547.0
4.2062941975164,1.275236400804063,29.73076056328598,1.263,4.839,2549.656
4.2065084959774,1.276188948540529,29.742694349225367,1.263,4.839,2552.328
4.206484876700835,1.272742459049527,29.74249784772727,1.263,4.839,2555.047
4.206736049488259,1.2735041022256557,29.746917762250575,1.263,4.839,2557.781
4.206441647928273,1.2628980978356306,29.745074983700455,1.252,4.834,2560.531
4.206707318282992,1.2634828141277274,29.742635940958106,1.252,4.834,2563.203
4.205968094054521,1.2516667294053312,29.749958977139407,1.243,4.829,2565.969
4.206290555144875,1.2513505960542206,29.75553695472055,1.242,4.829,2568.641
4.2063490128640675,1.2509675553620079,29.75093978862798,1.242,4.829,2571.359
4.206618269053267,1.249963518060003,29.7578120823808,1.24,4.829,2574.031
4.207119007309551,1.250612355447359,29.755941778401834,1.24,4.829,2576.766
4.207013787209496,1.249965595081106,29.766136385874354,1.24,4.829,2579.422
4.207434176439398,1.2474315398466567,29.75881318788978,1.239,4.829,2582.172
4.20749717548494,1.245385510684106,29.753214756002528,1.239,4.829,2584.844
4.208024836057989,1.2451798805409833,29.767914395136074,1.239,4.829,2587.578
4.207564792202458,1.2353287628384182,29.766342685716257,1.228,4.823,2590.266
4.207040035182647,1.2275349501460682,29.766748396411696,1.218,4.818,2593.031
4.2065968744151085,1.2149456439878337,29.76999339887159,1.209,4.812,2595.719
4.205694748030682,1.206260229400454,29.77012134320023,1.198,4.807,2598.484
4.205915341485712,1.206557582523636,29.76919354638797,1.198,4.807,2601.516
4.206232430284233,1.206710373940443,29.768110213326416,1.197,4.807,2604.344
4.206457088681861,1.2050511290089696,29.781642735382384,1.197,4.807,2607.172
4.206634320003088,1.2046495030324773,29.775134274424495,1.197,4.807,2610.016
4.206106725792316,1.1927353261516371,29.77789903690889,1.186,4.802,2612.891
4.206519576189472,1.1956099446971375,29.771743512214336,1.186,4.802,2615.734
4.2063593256466065,1.1961434615527369,29.77304029691971,1.186,4.802,2618.562
4.206843157831748,1.1943584545481116,29.76950972352981,1.185,4.802,2621.391
4.207039381949925,1.1933120927077556,29.77157139551572,1.185,4.802,2624.219
4.207444932752947,1.190615020514746,29.76975868060154,1.185,4.802,2627.078
4.2077213239339795,1.1916936982529756,29.765330914766206,1.183,4.802,2629.953
4.207153453061524,1.1833518797742046,29.75958336791907,1.174,4.796,2632.859
4.206684873154107,1.171258722622706,29.762580422025227,1.163,4.791,2635.766
4.207036138930751,1.1728093113050138,29.75976119838891,1.163,4.791,2638.641
4.207018195743498,1.1731933283836993,29.75664802545947,1.163,4.791,2641.516
4.207330169579178,1.169236906156307,29.75800280049255,1.161,4.791,2644.406
4.207832348831899,1.1695777390542599,29.762237363590494,1.161,4.791,2647.281
4.2070859378234395,1.1601091326673925,29.75795123560213,1.151,4.785,2650.187
4.20637491684127,1.1495028800602687,29.75920319294783,1.141,4.78,2653.094
4.206545830695293,1.1475389729246972,29.749921260182237,1.141,4.78,2655.984
4.206894552494372,1.146324071157008,29.756704762717565,1.14,4.78,2658.859
4.20704999012474,1.1481118639986658,29.755518052560284,1.14,4.78,2661.734
4.207661726239674,1.1498396998506673,29.760686978560603,1.138,4.78,2664.609
4.2069068191418495,1.1370709437859285,29.757764998906573,1.129,4.775,2667.516
4.2069401349450315,1.1389583203810305,29.748623548380134,1.129,4.775,2670.406
4.207246195421328,1.1349859509101754,29.75009077231484,1.127,4.775,2673.281
4.2077438654315955,1.1352610889497399,29.74561876337831,1.127,4.775,2676.156
4.2072559805500545,1.1246086018275478,29.75349664116353,1.118,4.769,2679.062
4.20729068535849,1.1260670837641023,29.74310828367709,1.117,4.769,2681.937
4.2076763130475365,1.1253612063560312,29.738771033485605,1.117,4.769,2684.828
4.207012211657819,1.1143787655724955,29.73357912359156,1.106,4.764,2687.734
4.207326282847208,1.11387992479943,29.73921517759355,1.106,4.764,2690.609
4.207638479926484,1.1118482836507892,29.735036497149927,1.104,4.764,2693.484
4.20681319144505,1.1039478066932364,29.730907429220153,1.095,4.758,2696.312
4.206264064763727,1.087555424733884,29.723035345996998,1.085,4.753,2699.156
4.206478091350573,1.0934211476157516,29.725570019765076,1.084,4.753,2702.047
4.206683219671663,1.090956917097826,29.72054832603827,1.084,4.753,2704.906
4.20692616931655,1.0903240226242996,29.721410046293503,1.084,4.753,2707.75
4.206983176761598,1.0911556213339324,29.71381029377811,1.084,4.753,2710.594
4.207413364690975,1.0907466198533393,29.710224098357706,1.083,4.753,2713.437
4.207622903278966,1.0898740276084435,29.701630688134518,1.083,4.753,2716.297
4.207140982526183,1.0801439174436358,29.698537352986904,1.072,4.748,2719.156
4.207333212343231,1.0792416296380047,29.686556731857607,1.072,4.748,2722.016
4.207598938188445,1.077836994957586,29.683148922269336,1.072,4.748,2724.859
4.207150046628462,1.07046539498989,29.674506073793182,1.064,4.742,2727.734
4.207185456056023,1.0701697910477312,29.674149000171287,1.062,4.742,2730.578
4.207558263313101,1.0685470040886285,29.67889559298041,1.062,4.742,2733.422
4.20696424705867,1.0601210185560666,29.677149102882662,1.053,4.737,2736.297
4.207522461115909,1.060657019182406,29.670799183394262,1.051,4.737,2739.125
4.207314610959126,1.058890207464039,29.65833891475265,1.051,4.737,2741.969
4.207636384043691,1.0576492840817833,29.649551456227353,1.051,4.737,2744.812
4.207055385794602,1.0486892672228374,29.64998186781904,1.041,4.731,2747.687
4.207382466695135,1.0497477869941347,29.652375347274255,1.041,4.731,2750.531
4.207482519987637,1.0467327222971492,29.643111918459248,1.041,4.731,2753.375
4.207807338264017,1.0457552399122614,29.642563335276023,1.041,4.731,2756.219
4.207114397482316,1.0365236856866558,29.63841377760235,1.03,4.726,2759.094
4.207613543585582,1.0346339963835314,29.627652142426147,1.03,4.726,2761.937
4.206760602033705,1.026475455925894,29.623034774081262,1.019,4.721,2764.812
4.2068802225107795,1.0282446114700305,29.612137909608244,1.019,4.721,2767.672
4.207037438811807,1.0237918723982253,29.608434465339244,1.019,4.721,2770.516
4.207519352843615,1.0271306620873841,29.60425629881817,1.019,4.721,2773.344
4.207521601701381,1.0254921478086971,29.596549712384046,1.017,4.721,2776.234
4.2079051124720666,1.0254405685508519,29.588862780955687,1.017,4.721,2779.094
4.208043452251897,1.0230655379936868,29.58419600886207,1.017,4.721,2781.937
4.208103582738018,1.0232142065789906,29.58124701136423,1.016,4.721,2784.766
4.20853749013148,1.024634822962711,29.574928523042043,1.016,4.721,2787.609
4.208754840501938,1.0224876289343892,29.57194938428412,1.016,4.721,2790.453
4.2080911274287915,1.0123869093996032,29.5572813963603,1.005,4.715,2793.328
4.207566021711987,1.0006239669990729,29.555158029655765,0.996,4.71,2796.234
4.207652490176392,1.002980822303648,29.546401323268732,0.996,4.71,2799.047
4.207833406944055,1.0013744397970656,29.540634645014162,0.994,4.71,2801.891
4.208399559895568,1.0024490919142195,29.535654786863553,0.994,4.71,2804.75
4.208612393459255,0.9989865659499273,29.529007889542346,0.994,4.71,2807.625
4.207829871000573,0.9907759852451617,29.52166761865087,0.983,4.704,2810.547
4.207297346684703,0.9814735693796837,29.52215788635156,0.974,4.699,2813.453
4.207395894454803,0.9820140281936989,29.520152082795985,0.973,4.699,2816.344
4.207575286771538,0.9775158302738037,29.512799059269142,0.973,4.699,2819.219
4.206908429548482,0.970230364711104,29.510403156404763,0.963,4.694,2822.141
4.206941251391825,0.9683120441939463,29.500809677313605,0.963,4.694,2825.0
4.207233057158965,0.9689523579992768,29.48639838461816,0.963,4.694,2827.891
4.207326066659223,0.969847727259107,29.48025387080255,0.962,4.694,2830.703
4.207475128426714,0.9741859624517856,29.472033221383075,0.962,4.694,2833.516
4.207736869483088,0.9690923531823714,29.465630250870774,0.962,4.694,2836.375
4.207780949227397,0.9698390704975725,29.455271306637663,0.96,4.694,2839.234
4.20802613059206,0.9687890393894522,29.44393454202598,0.96,4.694,2842.109
4.208547769374283,0.9658723207013438,29.4344906892304,0.96,4.694,2844.984
4.208639365571057,0.9675566074021916,29.431287798938975,0.959,4.694,2847.859
4.208147694304909,0.9579729170561192,29.424376702993637,0.949,4.688,2850.703
4.207496622049642,0.9472099858815921,29.42445161942662,0.94,4.683,2853.547
4.207245696656791,0.9505328862122228,29.416157658365048,0.94,4.683,2856.391
4.207592217111152,0.9456304694792156,29.40118248334888,0.939,4.683,2859.266
4.208028912681081,0.9428639527429049,29.400376156220414,0.939,4.683,2862.141
4.207882508622336,0.9446105975853274,29.39050972247155,0.939,4.683,2865.016
4.208453351350114,0.9422515541935079,29.379249027503455,0.939,4.683,2867.828
4.208366806884455,0.9459284870718756,29.374523781415075,0.939,4.683,2870.641
4.208724471953436,0.9469882958979584,29.3614646555401,0.937,4.683,2873.5
4.208109949612749,0.9357642008176753,29.356412144356213,0.926,4.677,2876.391
4.2074684863187475,0.9230489501801076,29.34130856579334,0.917,4.672,2879.312
4.207310670642698,0.9233578600748692,29.343281920371165,0.917,4.672,2882.187
4.207828287200778,0.9243112910367647,29.340323972639197,0.917,4.672,2885.062
4.20786626025032,0.9253929745464315,29.328319802004277,0.917,4.672,2887.937
4.207908101754179,0.920454647517133,29.31627423919995,0.916,4.672,2890.766
4.208099710084538,0.922373393345927,29.309392991873953,0.916,4.672,2893.578
4.208177782873552,0.9203770650658623,29.30452185569875,0.916,4.672,2896.422
4.208679823182112,0.9243491119897373,29.29282553266517,0.914,4.672,2899.359
4.20813795639958,0.9100639673362677,29.28074043047965,0.905,4.667,2902.187
4.20795840866143,0.9094443237077264,29.27961603898672,0.905,4.667,2905.0
4.20833354668212,0.9094304971461581,29.26908673546443,0.905,4.667,2907.844
4.2080943928985155,0.9139466142023778,29.259578048638463,0.905,4.667,2910.75
4.208597786133316,0.9092025590135968,29.250904645942107,0.903,4.667,2913.578
4.207790524607073,0.9017569532335471,29.24012488515727,0.894,4.661,2916.469
4.20793005971782,0.9026837018862173,29.23424153655052,0.894,4.661,2919.328
4.208248552537864,0.8995951820241517,29.227305814036455,0.894,4.661,2922.219
4.208648247743947,0.8989538763415476,29.225581060240206,0.892,4.661,2925.094
4.207728353719224,0.8924719513941248,29.213636254856397,0.883,4.656,2928.0
4.20786196539767,0.8895770267942351,29.205117481879405,0.883,4.656,2930.891
4.208236039026272,0.8902337812331029,29.195623282874863,0.883,4.656,2933.766
4.208021065159787,0.8885178403141812,29.186406081301563,0.882,4.656,2936.656
4.208180703428507,0.8869240134718898,29.17043032449162,0.882,4.656,2939.516
4.2084661265722865,0.8901384935617671,29.16331678842258,0.882,4.656,2942.406
4.208610804562313,0.8887228251626995,29.165004913190874,0.882,4.656,2945.219
4.208115335564289,0.8796881810559601,29.150537905786077,0.872,4.65,2948.062
4.208099212996607,0.8782348780740277,29.137276601181046,0.871,4.65,2950.906
4.208547476226757,0.8788066812718323,29.124713402185286,0.871,4.65,2953.766
4.208524800275164,0.8798185315999424,29.123096283989522,0.871,4.65,2956.656
4.208512832588135,0.875319737824671,29.118119857041336,0.871,4.65,2959.531
4.208478198648584,0.8718529959692021,29.10444861281664,0.869,4.65,2962.422
4.208820582382206,0.8754112122556893,29.097453233918145,0.869,4.65,2965.297
4.208312168252182,0.8648045713785015,29.08827585430429,0.86,4.645,2968.203
4.208487904040865,0.8641664173568926,29.08643410718939,0.86,4.645,2971.094
4.2087514214977855,0.8668475461786277,29.0694639241795,0.86,4.645,2973.969
4.2080205394226455,0.8531281835924518,29.067455040175304,0.849,4.64,2976.891
4.20801679320316,0.8563749824143665,29.050078794412737,0.849,4.64,2980.094
4.208148411013096,0.8542675615226147,29.045527671601516,0.849,4.64,2983.078
4.208439778633281,0.8509526903653755,29.030926772461683,0.849,4.64,2986.016
4.208570572154552,0.8501364894608108,29.030124518238992,0.849,4.64,2988.937
4.207689222340076,0.8479903880264451,29.023474025023653,0.838,4.634,2991.891
4.207923322444971,0.8453299866718151,29.014994022119538,0.838,4.634,2994.797
4.208247528762661,0.8421284796878755,28.99826218281749,0.838,4.634,2997.719
4.208333081689387,0.8433361055664063,28.99139571025682,0.837,4.634,3000.625
4.208405761353066,0.8420270313410387,28.97909128053896,0.837,4.634,3003.531
4.208434816314926,0.8422412774269586,28.974459675606205,0.837,4.634,3006.453
4.208708332776859,0.8435285353104379,28.96299533308526,0.837,4.634,3009.359
4.208034687787847,0.8307271417573134,28.95733793612297,0.827,4.629,3012.297
4.208222057201106,0.8336248160935301,28.95701203981333,0.826,4.629,3015.219
4.208100299275028,0.8298452555951693,28.948895272478946,0.826,4.629,3018.125
4.208354051127845,0.8310358245123025,28.935182426723877,0.826,4.629,3021.047
4.208588596060098,0.8279194562519193,28.927888808641146,0.826,4.629,3023.953
4.207559578063366,0.8221202570292605,28.91989201924108,0.816,4.623,3026.891
4.2078485039212215,0.8217759364957818,28.911786120196524,0.816,4.623,3029.812
4.2081689518505705,0.8234434115581497,28.908221830447502,0.815,4.623,3032.719
4.208264170335027,0.8223450448867549,28.89472133137225,0.815,4.623,3035.625
4.208179051797635,0.8208196316327209,28.888436096135493,0.815,4.623,3038.547
4.208332685282152,0.8169636701731832,28.874034508348313,0.815,4.623,3041.453
4.208496696041664,0.8186085865517602,28.870001032025908,0.814,4.623,3044.391
4.208969421761157,0.8225150348243939,28.869934732503694,0.814,4.623,3047.312
4.208022945039843,0.809688713391145,28.85886161197021,0.804,4.618,3050.266
4.208092885715735,0.8103435016942554,28.84757555874751,0.804,4.618,3053.172
4.208439116794248,0.809248898115198,28.832739848987973,0.804,4.618,3056.094
4.208529074948851,0.8089186758451122,28.824518819916516,0.803,4.618,3059.0
4.208627073278975,0.808155275154315,28.81726238318179,0.803,4.618,3061.922
4.207864294835254,0.796731047362816,28.80803643412593,0.793,4.613,3064.859
4.207894412555636,0.8025155584306803,28.799813776492996,0.793,4.607,3067.781
4.208024617781932,0.8010971290273056,28.783001725831706,0.792,4.613,3070.687
4.2083640795807,0.7945832163943475,28.773936238807416,0.792,4.613,3073.609
4.208467314489342,0.794640122009221,28.76182872641151,0.792,4.613,3076.516
4.20869420899086,0.7974358075085055,28.76366911580451,0.792,4.613,3079.422
4.2086996390436235,0.7972331338164295,28.757250029826704,0.792,4.607,3082.328
4.2089547520648996,0.7926945699023027,28.74160473278151,0.792,4.613,3085.25
4.208734861247692,0.7957221518819341,28.73331511354333,0.79,4.613,3088.156
4.2090493626292735,0.7959169382741559,28.721054802375146,0.79,4.613,3091.078
4.209243624615146,0.797908500809267,28.716305566851062,0.79,4.613,3093.984
4.207688726254823,0.7768690712924913,28.703342515978903,0.771,4.602,3096.937
4.207975994095218,0.777176076002551,28.702086773987013,0.771,4.602,3099.844
4.207867715895679,0.7782864663696026,28.69839067599525,0.77,4.602,3102.766
4.2078961377645605,0.7758690249583825,28.676404205663015,0.77,4.602,3105.672
4.208182846520963,0.7758778033934494,28.677079925379932,0.77,4.602,3108.578
4.208109636938505,0.7772808000369295,28.672085923865726,0.77,4.602,3111.5
4.208348852356554,0.7766156242924168,28.663852293679188,0.77,4.602,3114.406
4.208499104594727,0.7760422588298533,28.64781074312648,0.77,4.602,3117.312
4.208561400665901,0.7764251010915864,28.641902558600982,0.769,4.602,3120.234
4.2089422641567165,0.7754627501340103,28.635718301028582,0.769,4.602,3123.141
4.207589199769651,0.7534806765818296,28.626347033541307,0.75,4.591,3126.078
4.207397509288273,0.7561275145683655,28.625736354939836,0.748,4.586,3128.984
4.207359501325086,0.7546445987089654,28.611010677778896,0.748,4.586,3131.891
4.20736823802657,0.755332969888266,28.59470435535796,0.748,4.586,3134.812
4.207495160029894,0.7544489218561621,28.593928816184498,0.748,4.586,3137.719
4.207848038116094,0.7559197448045994,28.58410123262142,0.748,4.591,3140.625
4.207143931065902,0.7435710952712167,28.57626572346784,0.739,4.58,3143.594
4.207291940557843,0.7467792659743452,28.560179788391885,0.739,4.58,3146.547
4.206253240417242,0.7348992150031742,28.550986743045108,0.729,4.58,3149.562
4.20654884712855,0.7344998688708243,28.548596749168777,0.729,4.575,3152.5
4.206269152591938,0.7353540305944678,28.53445294423212,0.729,4.575,3155.406
4.206739191724444,0.7344179192218819,28.526259038208273,0.729,4.58,3158.312
4.20638974677358,0.7342445494361916,28.52557631780098,0.728,4.58,3161.219
4.2066396600386184,0.7332121892067354,28.51893331427634,0.728,4.58,3164.141
4.206748755788332,0.7336111613769013,28.50782983651097,0.728,4.58,3167.047
4.206960734411003,0.7328873864068448,28.50969812744353,0.728,4.58,3169.953
4.206997407993202,0.7321427508244476,28.492746696078783,0.728,4.58,3172.875
4.2071791190533565,0.7320784118002498,28.484632366448917,0.727,4.58,3175.781
4.2073014009770375,0.7332906965288404,28.469909928354472,0.727,4.58,3178.703
4.207612720708416,0.7311045509683108,28.46575992144221,0.727,4.58,3181.641
4.20752145702506,0.7336320075471604,28.456801664914597,0.727,4.58,3184.562
4.207466834272952,0.7304858036681227,28.4529323163465,0.727,4.58,3187.469
4.207112737512747,0.7233450184222074,28.444167444535893,0.717,4.575,3190.406
4.206975235123612,0.724579563347083,28.441244398222704,0.716,4.575,3193.312
4.207051196776314,0.7227150042968192,28.422727053600944,0.716,4.575,3196.234
4.20727285136095,0.7204509906857756,28.422379167459237,0.716,4.575,3199.141
4.207274957975527,0.7227069362510431,28.408790744364303,0.716,4.575,3202.062
4.206819771361239,0.7095766551114843,28.403911688866142,0.706,4.569,3205.0
4.206671305719067,0.7146600157336941,28.394069620116554,0.706,4.569,3207.922
4.206758885210244,0.7111108036716159,28.388520397626543,0.705,4.564,3210.828
4.207023960587159,0.7119654683761453,28.386590483015304,0.706,4.564,3213.75
4.206963072282134,0.7106544616165361,28.3733414091337,0.705,4.569,3216.672
4.206092692948423,0.7013310897072935,28.371941648612406,0.695,4.558,3219.609
4.206565163929034,0.7035507044515502,28.360472806426554,0.695,4.564,3222.516
4.206580570021919,0.699782246812678,28.35041545005702,0.695,4.564,3225.437
4.206524137544372,0.7030827761498959,28.33311814318282,0.695,4.564,3228.344
4.206767780321598,0.6999812531089014,28.3295081762133,0.695,4.564,3231.25
4.206742461827664,0.702066569906411,28.32199114347358,0.695,4.564,3234.156
4.206083474564817,0.6924940302319424,28.311079940354563,0.685,4.558,3237.094
4.206170473999982,0.6863998671786596,28.303776515496306,0.685,4.558,3240.141
4.206023952913712,0.6932303631113531,28.294069346995087,0.685,4.558,3243.156
4.205711875052337,0.6792712732116959,28.29000905582234,0.675,4.553,3246.156
4.205370120330436,0.6833924832992754,28.286269253137856,0.675,4.553,3249.094
4.205570185355976,0.6836767802286725,28.273707061663195,0.675,4.553,3252.016
4.205681548061987,0.6809944320418333,28.267401955475286,0.675,4.553,3254.953
4.206079696017425,0.6789768783443445,28.266416435738595,0.675,4.553,3257.937
4.206078513938078,0.6782555832870271,28.25186594684882,0.675,4.553,3260.922
4.205239378602408,0.6713999883714533,28.241306687414415,0.664,4.542,3263.953
4.204254761861338,0.6642659789884414,28.237939329073175,0.655,4.537,3266.969
4.2043763741294375,0.6576063189591603,28.229394017164637,0.655,4.537,3269.875
4.204408657154391,0.6581383576884279,28.224144259415645,0.655,4.537,3272.797
4.204656159594771,0.6589589137548748,28.2061716242852,0.655,4.537,3275.719
4.203840521992425,0.6474579375545979,28.2037606326808,0.645,4.537,3278.656
4.204580063387412,0.6599878366402145,28.192298439366848,0.655,4.537,3281.594
4.203942277264557,0.6509538151950287,28.185621293427527,0.645,4.537,3284.547
4.2046192925488,0.6574161417397856,28.18168338489146,0.655,4.537,3287.484
4.203874161562966,0.6488973602533478,28.172346003469897,0.645,4.537,3290.469
4.203301883379786,0.6405942596215688,28.164972569870564,0.634,4.531,3293.469
4.203880764924188,0.6520396297743594,28.15896428584009,0.645,4.537,3296.422
4.205024801254983,0.6555772904159349,28.143541434650665,0.653,4.537,3299.437
4.2047691977863275,0.6600307159922516,28.13689271501822,0.653,4.537,3302.344
4.204443611342747,0.6486689618062618,28.132939681049802,0.644,4.537,3305.297
4.205392380620733,0.6592500065096938,28.12497001228708,0.653,4.537,3308.266
4.204813909492151,0.6470215940158228,28.119691276645547,0.644,4.531,3311.234
4.204470942885627,0.6484524358005423,28.10186112419516,0.644,4.531,3314.172
4.205679895162755,0.6596836042559368,28.094156692111994,0.652,4.537,3317.187
4.204889358969349,0.6488855649873554,28.086637648188315,0.642,4.531,3320.141
4.204044922160722,0.6397280385847067,28.081018945986973,0.633,4.531,3323.094
4.20411483250405,0.638168071791495,28.066610336924704,0.633,4.531,3326.0
4.204205693884348,0.6368990514664968,28.063758270119937,0.633,4.531,3328.922
4.2042225135624465,0.6396699718258166,28.056259281953484,0.633,4.531,3331.844
4.2043142351317115,0.6388677342559266,28.047609071794923,0.633,4.531,3334.75
4.204402456922846,0.6379247079808785,28.03910270617868,0.633,4.531,3337.656
4.204636835953338,0.6362423175005554,28.038476987623085,0.633,4.531,3340.562
4.203879513844346,0.629081223414324,28.029771527178998,0.622,4.526,3343.516
4.204759281577455,0.6377109735769046,28.022342994567698,0.632,4.526,3346.5
4.203792298171655,0.6268414936739992,28.014489367812097,0.622,4.526,3349.484
4.204038695331154,0.6240022768236398,28.007538101279064,0.622,4.526,3352.422
4.20497417656756,0.6342822473182372,27.993327778468778,0.632,4.531,3355.422
4.205170727624269,0.6372108752103418,27.989176506549885,0.632,4.531,3358.328
4.20473367179035,0.6356686251637503,27.982683301491466,0.63,4.531,3361.234
4.205458183680161,0.6362998279790143,27.974494948353193,0.63,4.531,3364.141
4.205446042214826,0.6359415253721431,27.968505423990816,0.63,4.531,3367.062
4.205533107105102,0.63372345479186,27.962977844565295,0.63,4.526,3369.984
4.204656866702315,0.6234800395419836,27.9448468652488,0.621,4.526,3372.937
4.204267174795205,0.6142889055333418,27.953980094163388,0.61,4.515,3375.891
4.20335794124512,0.6051589327612112,27.9481216354928,0.602,4.51,3378.859
4.203967666043677,0.6147165957140258,27.942199296566837,0.61,4.515,3381.859
4.203413870708904,0.6041623557519834,27.92824707679496,0.6,4.515,3384.812
4.203664422578856,0.6046806817030783,27.92466941891925,0.6,4.51,3387.844
4.203577489925783,0.6036636203466541,27.917306311033467,0.6,4.51,3390.875
4.203435918824597,0.6049207448903007,27.90609350576759,0.6,4.51,3393.875
4.203715428601098,0.6049401589023237,27.894232887802573,0.6,4.51,3396.844
4.20383858917383,0.6064641188633764,27.88529827726311,0.6,4.51,3399.859
4.204060893776576,0.6036115396217683,27.87961167123742,0.6,4.51,3402.891
4.203994401031999,0.6071901238359556,27.87718731342203,0.6,4.51,3405.891
4.203952345806783,0.6041723146505537,27.86932958763725,0.6,4.51,3408.844
4.203982078507082,0.6002946984544254,27.8602685487041,0.599,4.51,3411.797
4.20408402507429,0.603686602092994,27.861995898576456,0.599,4.515,3414.766
4.204155510667175,0.6048845105584336,27.855819474592643,0.599,4.515,3417.797
4.204425685112479,0.6029921282485138,27.846716010519327,0.599,4.51,3420.844
4.2045282737186875,0.6015027527124446,27.82752722135224,0.599,4.51,3423.875
4.204480010912815,0.6010235468335233,27.827564676038524,0.599,4.51,3426.922
4.204836404169241,0.6018982973511297,27.82350143674084,0.599,4.51,3429.969
4.203930377393636,0.5913431927463464,27.8100022449054,0.588,4.51,3433.0
4.204937165253342,0.6057462640461049,27.815238603708643,0.598,4.51,3436.062
4.204349323573922,0.5949182803213746,27.7979997229001,0.588,4.51,3439.109
4.204992794079142,0.6023905561530779,27.789027519503342,0.598,4.515,3442.156
4.204613054941052,0.5931638893373904,27.78865349497242,0.588,4.504,3445.172
4.204410064018168,0.5920695515492029,27.778367202584953,0.588,4.504,3448.234
4.205539348597306,0.601470759445705,27.762180753930668,0.598,4.515,3451.266
4.205469982623355,0.6001258253173934,27.757154322327906,0.596,4.515,3454.344
4.204918848578981,0.5907848095050512,27.7504739656797,0.587,4.51,3457.344
4.204857965950823,0.590601668453055,27.738650828438757,0.587,4.51,3460.344
4.204924882163671,0.5935012368738072,27.737154962184007,0.587,4.51,3463.312
4.205181461948519,0.592478499085993,27.721797379246535,0.587,4.51,3466.328
4.205224670446849,0.5915257460730587,27.719843953068334,0.587,4.51,3469.344
4.2044878617398265,0.5813047433567627,27.712202732055186,0.576,4.499,3472.391
4.204660930268704,0.5817446591272444,27.704059685169103,0.576,4.499,3475.297
4.203854418714491,0.570829268935126,27.69837100461694,0.566,4.494,3478.234
4.203807897170901,0.5700275983757433,27.693235501664258,0.566,4.494,3481.156
4.204062930034479,0.5725171117664362,27.686528347113587,0.566,4.494,3484.078
4.203808054166316,0.5717398861326058,27.67237030338062,0.566,4.494,3486.984
4.203698741180767,0.5704113568482961,27.676151541722163,0.566,4.494,3489.891
4.204127450874713,0.5703733587312039,27.664793148934717,0.565,4.494,3492.812
4.204016443002832,0.5712112558736716,27.65541448435136,0.566,4.494,3495.719
4.2042293493373535,0.569390658288533,27.65497431228527,0.565,4.494,3498.641
4.20424643184349,0.5700612701121879,27.650385554333802,0.565,4.494,3501.547
4.20420240211908,0.5717286577929851,27.642899497954993,0.565,4.494,3504.453
4.204311399758329,0.5714017338368114,27.642554045891618,0.565,4.494,3507.359
4.204694335990296,0.5680533697798106,27.630526364557035,0.564,4.494,3510.297
4.203810474089084,0.5593755175536623,27.634402686318186,0.555,4.488,3513.234
4.203701816269439,0.5597296894803385,27.610737852651596,0.555,4.488,3516.156
4.203790337675924,0.562038922626939,27.61132292163496,0.555,4.488,3519.062
4.203937681645356,0.5593812875836398,27.606069377511474,0.554,4.488,3522.016
4.20403021322779,0.5601976328516379,27.59813903078554,0.554,4.488,3525.0
4.20413151080788,0.5596225402726177,27.5884016687533,0.554,4.488,3527.937
4.2041238348083825,0.5585732516117509,27.587474125554515,0.554,4.488,3530.859
4.204193384724349,0.5587921265235435,27.574454908495035,0.554,4.488,3533.781
4.204491968232643,0.5561746026598743,27.574659688763848,0.554,4.488,3536.687
4.2044904404141334,0.5554346546769175,27.564969400700775,0.554,4.488,3539.609
4.204671194714073,0.5590734149719392,27.561757153665283,0.553,4.488,3542.516
4.203868299754368,0.5465143994687944,27.555270161534363,0.543,4.488,3545.453
4.203923961099821,0.5477717411172858,27.541630766406897,0.545,4.483,3548.5
4.204919561631198,0.5578559175904723,27.533889908991224,0.553,4.488,3551.547
4.204015800163183,0.5476771572265452,27.536238520805135,0.543,4.483,3554.484
4.204796732707082,0.5550212969960561,27.52375425358751,0.553,4.488,3557.469
4.2041543819418115,0.5458858473099717,27.514313880611525,0.543,4.483,3560.437
4.204293607503019,0.5445205014401151,27.507993239819083,0.543,4.483,3563.437
4.20448247856776,0.5468811538761743,27.508144910024562,0.543,4.483,3566.406
4.205253451331095,0.5567450122011934,27.496350528854304,0.551,4.488,3569.422
4.204648560218833,0.5456870575923652,27.496635971629654,0.542,4.488,3572.375
4.203885728089196,0.5344965833918143,27.496519325876896,0.532,4.483,3575.312
4.203919241052328,0.5333795181796473,27.485565260475312,0.532,4.477,3578.234
4.204227768136176,0.5354815902345175,27.482821923612672,0.532,4.477,3581.156
4.203857171088818,0.5382885937569934,27.479756289311787,0.532,4.477,3584.062
4.204027700606812,0.5360739239920616,27.466257791639585,0.532,4.477,3586.984
4.2048802471993305,0.5466195059516376,27.462672302848773,0.542,4.483,3589.922
4.204537526191286,0.5359374427353194,27.446923663608985,0.531,4.477,3592.875
4.204549765133945,0.5366278825228524,27.452605720720477,0.531,4.477,3595.781
4.2045678401275355,0.5372000885975833,27.443742141460607,0.531,4.477,3598.687
4.203835040500386,0.5250195280171799,27.43857677421734,0.521,4.472,3601.641
4.20359382654876,0.5271896829523749,27.43732115993243,0.521,4.472,3604.562
4.2037229702374415,0.5253043852392827,27.42351823597081,0.521,4.472,3607.469
4.203869886627862,0.526055543447923,27.418674358869026,0.521,4.472,3610.391
4.203788902344374,0.5232176065888183,27.411862762005427,0.521,4.472,3613.297
4.204025751298517,0.5269613810258533,27.405721864574442,0.521,4.472,3616.219
4.2040382023378475,0.5232331651920181,27.400679270294006,0.521,4.472,3619.125
4.2041181202080535,0.5262351273707151,27.393870245712836,0.521,4.472,3622.047
4.204079266590212,0.5266874193713835,27.392803093947357,0.52,4.472,3624.953
4.204369032046623,0.5249368227848218,27.38048480470979,0.52,4.472,3627.875
4.204554199557012,0.5239527592044714,27.3751195705769,0.52,4.472,3630.797
4.2037593645609865,0.5150725424007832,27.376140013101175,0.511,4.467,3633.734
4.203557151970607,0.5165868107531107,27.36692859980494,0.511,4.467,3636.641
4.2036436426956865,0.5142684451671072,27.362412900122706,0.511,4.467,3639.562
4.204192971398442,0.5152256903062655,27.35071614747631,0.511,4.467,3642.469
4.20393902381139,0.5114863258537761,27.355263269056053,0.511,4.467,3645.391
4.203792125758532,0.5161266404110257,27.33923875880965,0.511,4.467,3648.297
4.204015187341136,0.5201681554389088,27.33575581610877,0.511,4.467,3651.203
4.204235994980959,0.5159519997663932,27.323042391973736,0.511,4.467,3654.125
4.204177839028653,0.5149135981915349,27.319773694935428,0.509,4.467,3657.047
4.204308108145812,0.5148990397821346,27.315304232069494,0.509,4.467,3659.953
4.204054749754454,0.515861070065631,27.315289534622195,0.509,4.467,3662.859
4.2043699758023,0.5126585223731469,27.31023335086209,0.509,4.467,3665.812
4.204324936279913,0.5135963019566488,27.303597371133748,0.509,4.467,3668.719
4.204573107278321,0.5154431794062112,27.292482929653687,0.509,4.467,3671.625
4.204580550385035,0.5131324072828015,27.291806026404604,0.509,4.467,3674.531
4.2048282307205875,0.5146627939628325,27.2839755257113,0.509,4.467,3677.437
4.2047745141614925,0.5130860478549291,27.27483942624882,0.508,4.467,3680.344
4.204879482742544,0.5186661851806309,27.26765393552887,0.508,4.467,3683.266
4.204907882444688,0.514153192697444,27.254526595959973,0.508,4.467,3686.172
4.20507600369113,0.5129872998194703,27.26104949144296,0.508,4.467,3689.078
4.205113898193287,0.5083309620172962,27.25168239546396,0.508,4.467,3691.984
4.205383154402388,0.5131635467097225,27.24328461323931,0.508,4.467,3694.906
4.205405485133207,0.5118798396347665,27.242311089139115,0.507,4.467,3697.812
4.205619736845926,0.5087235958652172,27.233415737627855,0.507,4.467,3700.734
4.204814256815575,0.5008363718417178,27.234097863112712,0.497,4.461,3703.672
4.203737410955832,0.4930049828902242,27.22568588690602,0.488,4.456,3706.609
4.2039334190091,0.489686308291768,27.2062040878733,0.488,4.456,3709.516
4.204042615455121,0.491544595363193,27.203048954593918,0.488,4.456,3712.437
4.204130363681543,0.49024632360627796,27.205547638024086,0.488,4.456,3715.344
4.204071132009711,0.49155570666429577,27.196911023159846,0.488,4.456,3718.25
4.204228486349833,0.4921458288283372,27.185809182117843,0.488,4.456,3721.156
4.204106223734743,0.4904164974429226,27.191031757954384,0.488,4.456,3724.078
4.204256008089311,0.48956344545782426,27.183831548926193,0.488,4.456,3726.984
4.204234585701596,0.4898545138374488,27.17370831233364,0.486,4.456,3729.891
4.204260740649198,0.48961898963310196,27.174116758689813,0.486,4.456,3732.812
4.204611844748683,0.48829871694646615,27.166333363196735,0.486,4.456,3735.719
4.204839658575161,0.49115960771904565,27.15742892919182,0.486,4.456,3738.656
4.204585714925816,0.49000803797717396,27.147540591253257,0.486,4.456,3741.562
4.204593083095196,0.4888681728995165,27.157899597271264,0.486,4.456,3744.484
4.204779689768155,0.4904425898420725,27.146108932879955,0.486,4.456,3747.391
4.204722612987644,0.48782196918161025,27.146564968104677,0.485,4.456,3750.297
4.20509615896104,0.48637224455718914,27.13850806177053,0.485,4.456,3753.203
4.205043348135964,0.4887038705795667,27.126500415243882,0.485,4.456,3756.109
4.20520875738175,0.48884262944540274,27.11737971184601,0.485,4.456,3759.031
4.205111362096566,0.49040805686416983,27.111926251409272,0.485,4.456,3761.937
4.205134296767018,0.4890317094309705,27.109779899943337,0.485,4.456,3764.844
4.205152278445924,0.4882986810862917,27.103305442982837,0.485,4.456,3767.75
4.205356487928267,0.48758909050654653,27.09887798602868,0.485,4.456,3770.672
4.205522433489385,0.4847451342787827,27.085415161995222,0.483,4.456,3773.641
4.205537670106755,0.48778818720304057,27.08148868773162,0.483,4.456,3776.641
4.205833594704771,0.4886326320093348,27.08268137214534,0.483,4.456,3779.547
4.204830878590981,0.48101759694364066,27.071623844411896,0.474,4.45,3782.5
4.2044176044238135,0.47001059538363754,27.064181365807805,0.464,4.445,3785.437
4.2042620120068115,0.4681436883158074,27.068281495853356,0.464,4.445,3788.344
4.204505213179858,0.4674059593352918,27.05981745736817,0.464,4.445,3791.266
4.20417071125253,0.47025496125297733,27.05540387164947,0.464,4.45,3794.172
4.204477239141507,0.46848967338119596,27.045978001468335,0.464,4.445,3797.078
4.204568857983813,0.46661250632220164,27.04836977160749,0.464,4.445,3799.984
4.203619503827319,0.4574598876316525,27.03920716081871,0.455,4.44,3802.922
4.203771483251083,0.4590273677124082,27.037667925280086,0.455,4.44,3805.891
4.203886723530108,0.4600427759311698,27.02215302436911,0.455,4.44,3808.812
4.203458572865649,0.4580045286212893,27.02536220640596,0.454,4.44,3811.797
4.203998637801423,0.4567831958504154,27.0103715597577,0.454,4.44,3814.797
4.203862798387086,0.45772767546906834,27.010468917427783,0.455,4.44,3817.766
4.203920599437838,0.4574845480768248,27.004356011894806,0.454,4.44,3820.687
4.204277310652668,0.4549865745559683,26.994715613341942,0.454,4.44,3823.641
4.204232688872951,0.45465834576109343,27.002820462941067,0.454,4.44,3826.562
4.204083106634719,0.4571779473416202,26.993479864817058,0.454,4.44,3829.469
4.2041329289594165,0.45636490441757777,26.983468024092407,0.454,4.44,3832.391
4.204390755356717,0.45637311045849105,26.981768521023472,0.454,4.44,3835.297
4.2040559374032895,0.45694546850059037,26.979875131731934,0.454,4.44,3838.203
4.204263102720577,0.4560752323887869,26.969445740371064,0.454,4.44,3841.125
4.204326861820315,0.453429376853993,26.967698007886597,0.452,4.44,3844.031
4.204586820238237,0.4543789780009864,26.961668888790985,0.454,4.44,3846.953
4.204617291987615,0.45565316170097775,26.96891681745176,0.452,4.44,3849.859
4.204807405807491,0.4591287734172693,26.9614687246308,0.452,4.44,3852.781
4.203970337392293,0.4661227631003791,26.947737936118035,0.452,4.44,3855.703
4.204696877671159,0.45445202142288016,26.950364877124326,0.452,4.44,3858.625
4.204768904196432,0.45557370133143943,26.93937207548036,0.452,4.44,3861.531
4.204980858339715,0.45345816385306165,26.93709572518972,0.452,4.44,3864.437
4.2049589450103815,0.4593676179838343,26.9400243113575,0.452,4.44,3867.359
4.205052125088231,0.4515052453687658,26.931079792490724,0.452,4.44,3870.281
4.204892189537051,0.4608458093648667,26.929436549220796,0.451,4.44,3873.187
4.2046828867249415,0.463359224444114,26.921502284181525,0.452,4.44,3876.109
4.205918175258829,0.4518301810635957,26.91317835873497,0.451,4.44,3879.016
4.204507420453782,0.443377253850657,26.905493275616266,0.441,4.434,3881.969
4.204548805308381,0.44316535533654583,26.906533539108967,0.441,4.434,3884.875
4.204679009876598,0.44396500211125084,26.89951110109831,0.441,4.434,3887.797
4.203973375319825,0.4351166034157368,26.88954942095348,0.432,4.429,3890.734
4.204083835384243,0.4341831189242289,26.89818109774426,0.432,4.429,3893.656
4.204013769407658,0.4322913832114171,26.888152834680866,0.43,4.429,3896.562
4.203917178885776,0.43449134158264724,26.880877390085466,0.432,4.429,3899.484
4.203686931837973,0.43615920582562684,26.874672673411514,0.432,4.429,3902.391
4.204146359591278,0.4339648676385727,26.871329040157015,0.432,4.429,3905.312
4.204063029008116,0.4376819802988155,26.8651456736155,0.432,4.429,3908.219
4.204246963622235,0.43454651384291304,26.86318419712486,0.43,4.429,3911.125
4.20410682602876,0.43469561570997006,26.855121631325975,0.43,4.429,3914.047
4.204229607279474,0.43339064298805124,26.84650204919542,0.43,4.429,3916.953
4.2042409581913285,0.43508573515602833,26.845302863800995,0.43,4.429,3919.875
4.204382495754518,0.43357446408166744,26.837326848183082,0.43,4.429,3922.812
4.204520320907467,0.43461755388285755,26.836096069673914,0.43,4.429,3925.734
4.204406761416708,0.4347956610300005,26.83310324295126,0.43,4.429,3928.641
4.204673577590309,0.43264965546776185,26.832075843650525,0.43,4.429,3931.547
4.204727520482185,0.43488469153902054,26.830241163610353,0.43,4.429,3934.453
4.204668404056537,0.43518901802176974,26.82165786688181,0.43,4.429,3937.375
4.204968521483072,0.4343799626193655,26.824342332975597,0.429,4.429,3940.297
4.204712008618223,0.43433118822319494,26.815206987955584,0.429,4.429,3943.203
4.204826089229112,0.4320162198225738,26.810584647351078,0.429,4.429,3946.109
4.204916345894395,0.4343886765695772,26.80194470343343,0.429,4.429,3949.031
4.205040413927215,0.4315579566272766,26.79308754952651,0.429,4.429,3951.937
4.205149088688494,0.43127148275011057,26.79082156636017,0.429,4.429,3954.859
4.205192789613781,0.4308744162959364,26.793432294036705,0.429,4.429,3957.781
4.20529946542546,0.43469593835073905,26.794087077234185,0.428,4.429,3960.687
4.205661530778889,0.43141823014441855,26.787985337927836,0.429,4.429,3963.594
4.204806673689799,0.42354389454002017,26.782479241060127,0.418,4.423,3966.531
4.204201645564091,0.4124239205982139,26.763688118876452,0.409,4.418,3969.469
4.203961353693973,0.41392132990953884,26.76849415059275,0.409,4.418,3972.391
4.203927096120055,0.41220480959405736,26.76331596307927,0.409,4.418,3975.297
4.203825359993715,0.41355160905207605,26.76105450454125,0.41,4.418,3978.203
4.2038215165298976,0.4102379830325255,26.749883649820323,0.409,4.418,3981.125
4.204180130142211,0.41356249133230594,26.758449772924507,0.409,4.418,3984.031
4.203812604119889,0.41444123004046,26.749650226659963,0.409,4.418,3986.937
4.2041277779596395,0.4135522838245999,26.735267004330435,0.409,4.418,3989.844
4.20403272699487,0.4126268013306072,26.73842577944249,0.409,4.418,3992.766
4.204021073999358,0.41339868693392756,26.73231276155879,0.409,4.418,3995.672
4.204261629511964,0.4128606172637079,26.7253186148952,0.409,4.418,3998.594
4.20417229804188,0.4107477328969711,26.724988718919207,0.409,4.418,4001.531
4.204232051444402,0.4134579157053126,26.71672611459345,0.409,4.418,4004.437
4.204298606730574,0.4133975474940653,26.712982511894197,0.409,4.418,4007.344
4.204326400040979,0.41088595708505476,26.70536575579406,0.409,4.418,4010.266
4.204321380476729,0.41309886811506036,26.703121808214565,0.409,4.418,4013.172
4.204524374538352,0.4125320691862472,26.691961790021118,0.407,4.418,4016.078
4.204582404384073,0.40970423573004844,26.6894896742908,0.407,4.418,4018.984
4.204785713260035,0.41347806918802854,26.687291451049116,0.407,4.418,4021.891
4.204593238684919,0.4129389465795123,26.686138439131486,0.407,4.418,4024.812
4.204929456341828,0.40922915610688304,26.682884275042028,0.407,4.418,4027.719
4.205095239672814,0.41131372067899363,26.67918359257454,0.407,4.418,4030.641
4.204950942339732,0.41175297833430186,26.680723430759326,0.407,4.418,4033.547
4.204881940560597,0.4136188998876566,26.668960942814664,0.407,4.418,4036.484
4.205260305851976,0.41010135353251115,26.66996942129232,0.406,4.418,4039.391
4.205201207431922,0.41181295545869995,26.662782574157433,0.407,4.418,4042.312
4.2053374434371165,0.4091617967903669,26.655320193028658,0.406,4.418,4045.234
4.2053661344228725,0.4105558888585518,26.657228854572963,0.406,4.418,4048.141
4.205281275698998,0.4099989817362266,26.648511633297616,0.406,4.418,4051.047
4.205406003312157,0.4106650651060022,26.650268408320887,0.406,4.418,4053.953
4.205602311198575,0.40799909598491313,26.646540965717147,0.406,4.418,4056.859
4.2047887294653306,0.4010889367076632,26.644934192547336,0.395,4.413,4059.797
4.204939868084815,0.40153173777086754,26.636209707163523,0.395,4.413,4062.719
4.2047100388334835,0.3983218793516068,26.630337449668147,0.395,4.413,4065.641
4.205059739154986,0.4001272943176202,26.623841884320676,0.395,4.413,4068.547
4.204775538608791,0.3977038602936631,26.626165883790893,0.395,4.413,4071.453
4.204846959289974,0.4008847738246669,26.620410262624144,0.395,4.413,4074.359
4.204873718277799,0.3997826574607426,26.610300189672024,0.395,4.413,4077.281
4.205058940818558,0.39893567749320685,26.602958608140042,0.395,4.413,4080.187
4.205045358519932,0.3983654340528434,26.60983477863856,0.395,4.413,4083.094
4.20522085911718,0.39596690380096483,26.605304048447433,0.395,4.413,4086.016
4.205392250826504,0.3954505563148872,26.599883994336793,0.395,4.413,4088.953
4.2052981512642456,0.3976225481900513,26.597932871540074,0.395,4.413,4091.906
4.205785002854817,0.3970708636128067,26.58313687085181,0.394,4.413,4094.859
4.204734474273689,0.392959294829684,26.579005823865067,0.384,4.407,4097.812
4.204520693636851,0.3903361849727151,26.577126361762748,0.384,4.407,4100.719
4.204378463098786,0.38827683967342563,26.573623885203908,0.384,4.407,4103.641
4.204787163751661,0.38723317417020214,26.577580127881554,0.384,4.407,4106.547
4.204771498104677,0.38691494581945285,26.566640934997594,0.384,4.407,4109.469
4.204765630893456,0.38573940599754936,26.55921881095325,0.384,4.407,4112.375
4.204898372326078,0.3882412147816418,26.54343310785373,0.384,4.407,4115.297
4.205234360162587,0.3815933841446466,26.543493742967524,0.384,4.407,4118.203
4.205043035977436,0.38707519351651437,26.543196241839787,0.384,4.407,4121.125
4.204952919311241,0.38810019245579447,26.53791876187958,0.384,4.407,4124.031
4.2051353405093765,0.3879072972846919,26.533410291334235,0.384,4.407,4126.953
4.205017111863451,0.3874161403413128,26.52749846250743,0.383,4.407,4129.891
4.205232417646528,0.38876220022786445,26.52456427991137,0.384,4.407,4132.812
4.205360094616378,0.38824566030118884,26.525543341658118,0.384,4.407,4135.719
4.2050929451918915,0.39287334749349073,26.518722392997592,0.383,4.407,4138.641
4.2054808759740245,0.3868709622797816,26.514449300522102,0.383,4.407,4141.547
4.205777484579348,0.38429208832975226,26.51399909723386,0.383,4.407,4144.469
4.204660871853646,0.3752679700279198,26.499817404634637,0.373,4.402,4147.406
4.204848639138173,0.3755164765020861,26.501768585740308,0.373,4.402,4150.312
4.205004103042395,0.37462815557332063,26.497670116523164,0.373,4.402,4153.234
4.2047906869902825,0.37199910250548973,26.493307464974336,0.373,4.402,4156.156
4.2050165525651115,0.373245350645507,26.479287810184843,0.373,4.402,4159.062
4.204799575518878,0.37611566938208457,26.487201729237423,0.373,4.402,4161.969
4.205085541204497,0.3731525828221081,26.462499598274196,0.373,4.402,4164.875
4.205175704707497,0.37308663321330987,26.473125028718986,0.373,4.402,4167.797
4.20517059734756,0.3761555031579817,26.4587762132149,0.373,4.402,4170.703
4.204994735162274,0.37396629194390335,26.460739122925652,0.372,4.402,4173.609
4.204988217191985,0.37632526394986104,26.46170173216136,0.372,4.402,4176.531
4.205305781830219,0.3754066621448482,26.457641714739694,0.372,4.402,4179.469
4.205565540419544,0.3758188821290527,26.449749764904123,0.372,4.402,4182.375
4.204218287820169,0.3652069327118226,26.440486205107888,0.362,4.396,4185.328
4.204296639707822,0.365486083369588,26.44034190249525,0.362,4.396,4188.234
4.204376433610304,0.3658927721091217,26.440563165917112,0.362,4.396,4191.156
4.204522195904945,0.36785803048567306,26.43469400286997,0.362,4.396,4194.062
4.2047162971799095,0.3644009564527759,26.425405808240317,0.362,4.396,4196.969
4.204947515017132,0.3661877769936842,26.420074684499898,0.362,4.396,4199.891
4.204769651216158,0.3643809007384719,26.42155459405074,0.362,4.396,4202.812
4.204716053176847,0.36537341633406045,26.417517856460748,0.362,4.396,4205.719
4.205050630862969,0.36414488917705506,26.408227144259016,0.362,4.396,4208.641
4.204866863210417,0.3668820646245763,26.406802826830855,0.362,4.396,4211.547
4.20468637088562,0.3638124908979238,26.40324612347056,0.362,4.396,4214.469
4.204947499909375,0.3654060963985049,26.395752717551982,0.362,4.396,4217.406
4.204882625123151,0.3652278540856645,26.40345577623269,0.362,4.396,4220.328
4.2050033357147925,0.3656056578502806,26.392214954561073,0.361,4.396,4223.234
4.204957188296663,0.3646014124768598,26.394958520119562,0.361,4.396,4226.141
4.205318415140097,0.3656591131413488,26.383084508035175,0.361,4.396,4229.062
4.20534290718162,0.3649729872412699,26.38356426759683,0.361,4.396,4231.984
4.205369444285956,0.36515001861339064,26.380733644768483,0.361,4.396,4234.891
4.205421305769672,0.3617988554551044,26.370620369646375,0.361,4.396,4237.812
4.2054969107696945,0.3653121363097059,26.368450663804584,0.361,4.396,4240.719
4.205313705477599,0.36182275511720696,26.36609114199306,0.361,4.396,4243.641
4.205416947073099,0.3662004231629546,26.367031212626788,0.361,4.396,4246.562
4.2057061964334785,0.36538806700523213,26.36073981698841,0.361,4.396,4249.469
4.204854354206075,0.35163911138346854,26.362944705831122,0.35,4.391,4252.422
4.204683733003836,0.3542467398366976,26.35675600680116,0.35,4.391,4255.328
4.204941183569383,0.35345270064587536,26.34833182082266,0.35,4.391,4258.25
4.204980933981821,0.3528992631817065,26.336331022966736,0.35,4.391,4261.172
4.2048853683227465,0.35371838113513165,26.33560840780978,0.35,4.391,4264.078
4.2048248317000025,0.3538293934932487,26.330522589726648,0.35,4.391,4267.0
4.205105931536721,0.3536851773772698,26.328843067172357,0.35,4.391,4269.906
4.204992758575547,0.35499707555139104,26.32520952411467,0.35,4.391,4272.828
4.205284209887454,0.3548148402019776,26.327548339010765,0.35,4.391,4275.734
4.205180301391562,0.3508340530716531,26.316098337878294,0.35,4.391,4278.656
4.205087014910705,0.3527334840705613,26.31335805895097,0.35,4.391,4281.562
4.20518016415044,0.35561638454932404,26.315947998609083,0.35,4.391,4284.516
4.20509336986273,0.35196664091069835,26.30824367825705,0.35,4.391,4287.422
4.205473164297594,0.3531181921904778,26.30465579362576,0.35,4.391,4290.344
4.205496944359637,0.3526178885042355,26.30289182940981,0.35,4.391,4293.25
4.205334246978681,0.3530977951502253,26.300787254651365,0.35,4.391,4296.172
4.205539022526981,0.3518261225554929,26.298824001432376,0.349,4.391,4299.094
4.205449901953845,0.3517043691753149,26.299102809431385,0.349,4.391,4302.0
4.205705387110605,0.3546021178238899,26.28858867006737,0.349,4.391,4304.922
4.204882809293236,0.3438051223878248,26.285074140930053,0.339,4.386,4307.859
4.204860935759829,0.34499940802146467,26.288470435905552,0.339,4.386,4310.766
4.204871968492234,0.34427737812428677,26.28767912736249,0.339,4.386,4313.687
4.205137775130302,0.34439468642899296,26.281177931612106,0.339,4.386,4316.594
4.2048192055158395,0.3432101380331975,26.274511300397524,0.339,4.386,4319.516
4.204920471506514,0.34187889897974705,26.268462626254877,0.339,4.386,4322.422
4.205360428508007,0.34450451697699985,26.26223794284295,0.339,4.386,4325.344
4.205242461726317,0.3407638267399748,26.25823204150741,0.339,4.386,4328.25
4.205146689169639,0.33878150421023756,26.260155824248848,0.339,4.386,4331.156
4.205289097712941,0.3425814568288148,26.256193990178666,0.339,4.386,4334.062
4.205098699184674,0.3417480827578399,26.245381171446063,0.339,4.386,4336.969
4.205299129003178,0.34110365735529297,26.233734150978606,0.339,4.386,4339.906
4.20533476459391,0.3416026665126129,26.233635862459863,0.339,4.386,4342.828
4.20535122950801,0.3420228730279325,26.237908825795184,0.339,4.386,4345.734
4.205509111329211,0.3388729030224913,26.231770970228002,0.338,4.386,4348.641
4.20560504237053,0.3413610545793845,26.232377195637344,0.338,4.386,4351.562
4.205033454893174,0.3305155504679176,26.223076606170054,0.329,4.38,4354.5
4.204652995666161,0.33584425441858534,26.2286297025482,0.329,4.38,4357.422
4.204642152560486,0.33084300941440187,26.21781192526614,0.329,4.38,4360.328
4.204970056451527,0.33214205395145024,26.21125088357549,0.329,4.38,4363.234
4.204960801756913,0.3367164777988074,26.20765779796998,0.329,4.38,4366.156
4.205827130820485,0.32704443914970727,26.195795742086034,0.329,4.38,4369.062
4.204052709105448,0.3180090655904948,26.199089519715653,0.319,4.375,4372.0
4.203988083711913,0.31978317419908114,26.200260308544106,0.319,4.375,4374.906
4.204657596321686,0.32135375861372806,26.191515955574904,0.319,4.375,4377.812
4.204149219646513,0.3229664518736175,26.184642809903217,0.319,4.375,4380.734
4.204086401043143,0.32258830979156594,26.186567770253117,0.319,4.375,4383.641
4.204325610719922,0.31869369876857856,26.18049573716779,0.319,4.375,4386.547
4.204177308001088,0.319988711887043,26.176357676489815,0.319,4.375,4389.453
4.204173068146831,0.32137829754258346,26.17277053543789,0.319,4.375,4392.359
4.204064347207262,0.321889174049403,26.169335078094157,0.319,4.375,4395.281
4.204304200111606,0.3177909839226409,26.16875549399307,0.319,4.375,4398.187
4.204252580794189,0.32212817049955145,26.170903774573468,0.319,4.375,4401.094
4.204509663190795,0.3199779386039296,26.16940759133424,0.319,4.375,4404.031
4.204353775345884,0.31975337924264585,26.16383615580846,0.319,4.375,4406.953
4.2044354833646,0.31495120129616433,26.16415823403879,0.319,4.375,4409.859
4.204204285938194,0.3183732678332515,26.15285459822112,0.319,4.375,4412.766
4.204285491356338,0.32031308820372034,26.149181758355386,0.319,4.375,4415.672
4.204648276113844,0.3227095517708197,26.155798976489276,0.319,4.375,4418.578
4.204593927988339,0.32039978144551556,26.155956835579403,0.318,4.375,4421.484
4.204657928890105,0.3204771420469714,26.14027193562292,0.319,4.375,4424.406
4.20425358582239,0.3265860805929954,26.13776163569237,0.318,4.375,4427.312
4.204706073535943,0.31862814297683867,26.143122882712586,0.318,4.375,4430.219
4.20506892282063,0.3217301396519893,26.12832855980088,0.318,4.375,4433.125
4.2049036241401945,0.32093143136961955,26.130946414525866,0.318,4.375,4436.031
4.2058920760971885,0.31260011582721703,26.12522117806071,0.318,4.375,4438.953
4.204037607072902,0.31718124417351107,26.12520952538196,0.308,4.369,4441.891
4.203995466747588,0.30936570471034297,26.120277049440617,0.308,4.369,4444.797
4.20415712109117,0.31061221820413565,26.11465907745214,0.308,4.369,4447.703
4.204123176340991,0.3076255522581181,26.107673677602673,0.308,4.369,4450.609
4.204025539753853,0.31169958241872325,26.11800181213989,0.307,4.369,4453.516
4.204102034616507,0.3099104968183337,26.100267585753237,0.307,4.369,4456.437
4.203850072850617,0.3079266643195314,26.100298315189647,0.307,4.369,4459.344
4.204292634655252,0.30856137716255944,26.09881675611777,0.307,4.369,4462.25
4.204194119116237,0.3090691194810889,26.099294375808473,0.307,4.369,4465.172
4.204263195386307,0.30873672707678423,26.1025384954909,0.307,4.369,4468.078
4.204236311095682,0.31159552319999306,26.09609104763322,0.307,4.369,4470.984
4.204408099354627,0.3102836440993007,26.09374393005412,0.307,4.369,4473.922
4.204354864808695,0.30966277088533517,26.08543526696795,0.307,4.369,4476.828
4.204269760609006,0.30833169186678316,26.084911922996017,0.307,4.369,4479.734
4.204526907328168,0.3069058155988762,26.08143303978777,0.307,4.369,4482.641
4.204506291955352,0.3090311970706635,26.084501903415294,0.307,4.369,4485.547
4.204547627367689,0.30727303618786256,26.073943020488556,0.307,4.369,4488.453
4.2044886068869305,0.3099209211365517,26.071223789979925,0.307,4.369,4491.375
4.204521377673946,0.30797951585798916,26.06329000973686,0.307,4.369,4494.281
4.204620722366133,0.3086589074542234,26.060395068303997,0.307,4.369,4497.187
4.204665623043207,0.3098375619609935,26.060252831335205,0.307,4.369,4500.094
4.204473834729766,0.3099055484213672,26.05705428564388,0.305,4.369,4503.0
4.20467360910275,0.309979809629875,26.056471674499637,0.305,4.369,4505.906
4.204412750244947,0.3093320726941329,26.050563221727018,0.305,4.369,4508.828
4.204737761304286,0.30672493730280814,26.04386966568496,0.305,4.369,4511.734
4.205055370855889,0.3107571278017537,26.04077225647177,0.305,4.369,4514.656
4.205079953290328,0.3075290395709587,26.034192706993192,0.305,4.369,4517.562
4.205094496748198,0.30858896914673395,26.03748448412704,0.305,4.369,4520.469
4.205092751837523,0.3072557569736791,26.035456704924513,0.305,4.369,4523.375
4.205349040992671,0.3054285985823239,26.027135791481413,0.305,4.369,4526.281
4.205119301502878,0.30980818407601496,26.034577787351232,0.305,4.369,4529.187
4.20513241783647,0.30678280743710123,26.026819664129356,0.305,4.369,4532.109
4.205483339544117,0.3075115826006465,26.027119557542527,0.305,4.369,4535.016
4.205324174929841,0.309806971832073,26.038252946032593,0.305,4.369,4537.922
4.2053538223534,0.30623175291718224,26.01757223265052,0.304,4.369,4540.859
4.205593936525687,0.3032902831536148,26.01758263485493,0.304,4.369,4543.906
4.20454112552733,0.2971647812642358,26.01269341251083,0.295,4.364,4546.844
4.204763433806312,0.29927556037670167,26.018747037399184,0.295,4.364,4549.766
4.204714831970573,0.29678950746579563,26.022042975285544,0.295,4.364,4552.687
4.204772931424023,0.2989272456847521,26.01270085980401,0.295,4.364,4555.594
4.204472370146403,0.2979136905892758,26.004060001187597,0.295,4.364,4558.5
4.204822905148446,0.29873165371652904,26.00653013971534,0.295,4.364,4561.406
4.2049872049892745,0.29630371295206387,25.994997348589795,0.295,4.364,4564.328
4.2050271199185705,0.2996382275914651,26.000200256783547,0.295,4.364,4567.234
4.204906718249818,0.2954825209722637,25.991504346400625,0.295,4.364,4570.156
4.204720742044646,0.29749030256557546,25.987082072383494,0.295,4.364,4573.062
4.205106546715266,0.2980920446721571,25.98318527211151,0.295,4.364,4575.969
4.204965417304324,0.29631813072903007,25.980070806247603,0.295,4.364,4578.906
4.204933921739473,0.29712891260289115,25.98271668720738,0.295,4.364,4581.812
4.205107767702941,0.29540800142093326,25.97841189227985,0.295,4.364,4584.719
4.205118776387828,0.29780260736643305,25.96994845794293,0.295,4.364,4587.641
4.2051544755927335,0.2950957567078479,25.960546244126803,0.295,4.364,4590.547
4.205376167426137,0.29774480636135614,25.95704507765692,0.295,4.364,4593.453
4.205179952845788,0.2950188946488679,25.962727860612368,0.295,4.364,4596.391
4.205384256192109,0.29372188681136446,25.958275614631837,0.295,4.364,4599.375
4.205496194516808,0.2935762687699067,25.96145963459731,0.293,4.364,4602.297
4.205427039218432,0.29513406426715555,25.94961999451314,0.293,4.364,4605.234
4.205680002517603,0.2944795370315578,25.949623702998014,0.293,4.364,4608.172
4.204583168582665,0.2860537562510322,25.93537925390449,0.284,4.359,4611.109
4.204765493530014,0.28441978952253216,25.936346787177058,0.284,4.359,4614.016
4.204644608372139,0.28847951987594017,25.936149327704502,0.284,4.359,4616.937
4.204727534074393,0.28783996674838314,25.931598620027014,0.284,4.359,4619.844
4.20484998486033,0.28492248542216636,25.932692935547546,0.284,4.359,4622.75
4.204953071231531,0.28441933507013506,25.931345858976936,0.284,4.359,4625.656
4.204927812295842,0.2865711995951789,25.934785327729102,0.284,4.359,4628.562
4.2050332244115,0.28568348980147473,25.9337223817903,0.284,4.359,4631.484
4.204934473238655,0.2867286784589813,25.934142619065454,0.284,4.359,4634.391
4.204836937438455,0.2830410490610382,25.925944530389597,0.284,4.359,4637.297
4.204968223054304,0.28802308991390935,25.927287140392174,0.284,4.359,4640.203
4.205007166908357,0.2875335712057473,25.916486605483243,0.284,4.359,4643.156
4.204981139150523,0.28232446316299314,25.909544855145363,0.282,4.359,4646.062
4.205312433286367,0.2870615288586884,25.912860108561638,0.284,4.359,4648.984
4.205121167603879,0.28378903593149307,25.90537869274781,0.282,4.359,4651.891
4.205413396492546,0.2836812811408436,25.904447378119716,0.284,4.359,4654.797
4.205181251265773,0.28445029564304236,25.90442972508864,0.282,4.359,4657.703
4.205365332263127,0.28424293861917077,25.89243349956785,0.282,4.359,4660.609
4.205391732080992,0.28451008830143465,25.89600585495219,0.282,4.359,4663.516
4.205361543705308,0.2855645602016272,25.89493776990895,0.282,4.359,4666.422
4.205497033001844,0.2847174868172969,25.892857175131635,0.282,4.359,4669.344
4.205505939204816,0.282580718011251,25.889612538783815,0.282,4.359,4672.25
4.205604336621128,0.2845499944220759,25.876865017148184,0.282,4.359,4675.156
4.2057068150297745,0.28355111909736264,25.875989630545455,0.282,4.359,4678.062
4.205458439373898,0.28558093882539237,25.869950519821774,0.282,4.359,4680.969
4.205669413795581,0.2827550365211405,25.863383767083437,0.282,4.359,4683.891
4.205669191052475,0.28601896620780276,25.866427547532762,0.282,4.359,4686.797
4.2058391763438285,0.28310742627632607,25.862033468093248,0.282,4.359,4689.703
4.205487572836043,0.28631817738011184,25.861260649576508,0.281,4.359,4692.609
4.2060129117597285,0.28530936499225845,25.855133564659848,0.281,4.359,4695.531
4.206015351077355,0.28462662070550054,25.851162122254028,0.281,4.359,4698.437
4.2059801490804425,0.28585414202889475,25.849764791182004,0.281,4.359,4701.344
4.206152332764415,0.2824896919939135,25.85444137961195,0.281,4.359,4704.266
4.206212580310354,0.2838952573101805,25.852148641071064,0.281,4.359,4707.172
4.206260128856348,0.2825601960173625,25.852243885818723,0.281,4.359,4710.094
4.206166409251846,0.2848072266432019,25.844980132998014,0.281,4.359,4713.0
4.206217085226574,0.28529132189384704,25.84378786584598,0.281,4.359,4715.906
4.206035810220192,0.28271460428081563,25.826680597826794,0.281,4.359,4718.812
4.206206059071801,0.28275384781144364,25.839970947457456,0.281,4.359,4721.734
4.206371330119895,0.2833276815921864,25.82387302385018,0.28,4.359,4724.641
4.206293503836885,0.28460549567645144,25.828544610560435,0.281,4.359,4727.547
4.206579425903071,0.2809456711446779,25.821197510543698,0.28,4.359,4730.453
4.20551192030175,0.27099081599169955,25.817865433988555,0.27,4.353,4733.391
4.205658773908231,0.27259594191980235,25.817078629581243,0.27,4.353,4736.297
4.204763201793273,0.26342529143079985,25.807383292929007,0.261,4.348,4739.25
4.204866905578658,0.2650360613951713,25.812533072419654,0.261,4.348,4742.156
4.20515199671029,0.26482538038816295,25.815323134973855,0.261,4.348,4745.062
4.204607036738074,0.26254103856427513,25.811340688415854,0.261,4.348,4747.969
4.2049035224912785,0.26349286064121563,25.810674268861366,0.261,4.348,4750.875
4.204902535577029,0.26420236396196134,25.797939238844137,0.261,4.348,4753.781
4.204862645647803,0.2615232365453605,25.806186584155668,0.261,4.348,4756.687
4.204529812952748,0.26647907852815816,25.80410132919015,0.261,4.348,4759.609
4.205063342873738,0.26149374196851616,25.805874099596558,0.261,4.348,4762.516
4.205727379529685,0.26138965076281906,25.801614338269165,0.261,4.348,4765.422
4.205099812926914,0.2634966992273447,25.795726555553365,0.261,4.348,4768.328
4.204841547859529,0.2666113700969338,25.789670285859323,0.261,4.348,4771.25
4.205047689341116,0.2647485003697272,25.791119803703886,0.261,4.348,4774.156
4.205218084638151,0.26390861390798914,25.793034156686215,0.261,4.348,4777.078
4.2052260528515575,0.26204799548238367,25.78482753170369,0.261,4.348,4779.984
4.205179209309897,0.2621676936124014,25.788186130871555,0.261,4.348,4782.891
4.205200951368009,0.2625030771863039,25.78096114744221,0.261,4.348,4785.797
4.205298638790564,0.2613383787108764,25.77270868149301,0.261,4.348,4788.703
4.205272147711338,0.2623556344331467,25.774055507745427,0.261,4.348,4791.609
4.205145749854782,0.2622293975672295,25.772325859500906,0.261,4.348,4794.516
4.205381203576961,0.2638742802469586,25.77026479389602,0.261,4.348,4797.437
4.205354918472328,0.262150207340043,25.775365630259074,0.259,4.348,4800.344
4.205246823907676,0.2614403585667077,25.763937235916195,0.261,4.348,4803.25
4.205476361662142,0.2635614635199689,25.77037118303356,0.259,4.348,4806.172
4.205402223681657,0.2620783107634619,25.754251526214443,0.259,4.348,4809.078
4.205699831470987,0.26296846303661575,25.75887714080177,0.259,4.348,4811.984
4.205654598711361,0.26047110848699667,25.74941623976041,0.259,4.348,4814.906
4.205677155862526,0.26241917378172713,25.754426430903074,0.259,4.348,4817.812
4.2056402799182715,0.25875960157491973,25.749547057583534,0.259,4.348,4820.719
4.2056434090158525,0.25848999172672554,25.746956249324995,0.259,4.348,4823.625
4.205642624763571,0.2609301606781173,25.736843874408724,0.259,4.348,4826.531
4.205720478555769,0.2626095858158344,25.734913932655235,0.259,4.348,4829.453
4.205586620510385,0.26054275073959626,25.728445172912867,0.259,4.348,4832.359
4.205848005086976,0.2589760122128987,25.731153702681954,0.259,4.348,4835.266
4.205844297264923,0.2639394249416941,25.729619572907165,0.259,4.348,4838.187
4.205912087719196,0.259579282584546,25.728901987390742,0.259,4.348,4841.109
4.205957951635644,0.261136650863176,25.72465122384814,0.259,4.348,4844.016
4.206017163382263,0.2610754422880843,25.724720751226783,0.259,4.348,4846.922
4.206083593516417,0.26098212470431004,25.719445282433693,0.258,4.348,4849.844
4.2059677323119535,0.26106784112083803,25.71852536719133,0.258,4.348,4852.75
4.206218359085962,0.26220735459576194,25.712164907405114,0.258,4.348,4855.656
4.206051271792968,0.26280292732384386,25.718422955596143,0.258,4.348,4858.562
4.206070715042292,0.26018382581253974,25.70999560521264,0.258,4.348,4861.469
4.206141429939127,0.2612701726654909,25.70249869841196,0.258,4.348,4864.375
4.20624381761667,0.26019924663129174,25.703452508972234,0.258,4.348,4867.281
4.206423710606595,0.26102328472791514,25.705369098348925,0.258,4.348,4870.203
4.20626161737556,0.2619623980594845,25.70110270126598,0.258,4.348,4873.109
4.206464613517236,0.25940059101250723,25.69632995096501,0.258,4.348,4876.016
4.206427294590589,0.26126037948748415,25.68739727574359,0.258,4.348,4878.922
4.206585409686976,0.2618970286061988,25.69237405638172,0.258,4.348,4881.828
4.205947922772174,0.24929223748579296,25.688511556545592,0.248,4.342,4884.766
4.204905673587199,0.24110773050843454,25.681797729227075,0.239,4.337,4887.703
4.204869559977826,0.24471640557800317,25.68277007362645,0.239,4.337,4890.609
4.204729869736632,0.24072731622313454,25.67854059372145,0.239,4.337,4893.516
4.204820453180284,0.2382609205814157,25.679808269756347,0.239,4.337,4896.422
4.205033966730054,0.24036174620561712,25.676761020990195,0.239,4.337,4899.344
4.204785798259839,0.2416478160018025,25.67577712235849,0.239,4.337,4902.25
4.204739373052248,0.2408343911929233,25.674562853210755,0.239,4.337,4905.156
4.204872247963215,0.24041007920133192,25.66849781102459,0.239,4.337,4908.062
4.2048427399601485,0.24026041432221737,25.671378812859608,0.239,4.337,4910.969
4.204875197181886,0.23944050569337036,25.6629233540149,0.239,4.337,4913.891
4.205027436266177,0.24093620335108906,25.668229117677818,0.239,4.337,4916.797
4.204801471358629,0.24274175777931062,25.66591958456265,0.239,4.337,4919.734
4.205029295543718,0.2412851977806505,25.6667062110194,0.239,4.337,4922.641
4.204909171198562,0.24050715600056025,25.663871095130954,0.239,4.337,4925.547
4.20502873642374,0.24096094857971206,25.65409074890329,0.239,4.337,4928.469
4.204958030273066,0.2374574822586549,25.65712922335637,0.237,4.337,4931.375
4.204748237791933,0.23890736947730884,25.650648614614767,0.239,4.337,4934.281
4.205081050866319,0.23945166416754454,25.648903777717052,0.237,4.337,4937.187
4.205203831458519,0.23895985260279307,25.651001809781636,0.237,4.337,4940.109
4.205006969434408,0.24024524372080508,25.656240382180123,0.237,4.337,4943.016
4.205225327979954,0.23786404832441485,25.640250711498513,0.237,4.337,4945.922
4.2053137317167035,0.24281107047608552,25.64496053588502,0.237,4.337,4948.828
4.205269958778797,0.23718907064281847,25.644549344846926,0.237,4.337,4951.734
4.20518174940043,0.23840673603706153,25.63695230493313,0.237,4.337,4954.656
4.205340921463894,0.2399317767128904,25.63857851890483,0.237,4.337,4957.562
4.205231450854017,0.23984522145980963,25.633519976892227,0.237,4.337,4960.469
4.2054512866713525,0.23987092280220632,25.635476438438356,0.237,4.337,4963.391
4.205371086880757,0.24066156382583265,25.632629338369973,0.237,4.337,4966.297
4.205408225183385,0.2413803612464456,25.62902750862425,0.237,4.337,4969.203
4.205686241046468,0.24101953580200838,25.620008919812847,0.237,4.337,4972.109
4.205631069839386,0.2423552309335887,25.615076636618014,0.237,4.337,4975.031
4.205716140687363,0.2415631167217369,25.618411825745206,0.237,4.337,4977.937
4.205491555100812,0.23909209415039942,25.621037496582574,0.237,4.337,4980.844
4.205466944856495,0.23721113912254474,25.627171251966097,0.237,4.337,4983.75
4.2054045272151805,0.238375336293673,25.622553621716666,0.237,4.337,4986.672
4.205718037881213,0.23885311519994262,25.61061135189408,0.236,4.337,4989.578
4.205854631885471,0.23919118817936308,25.617001814537556,0.236,4.337,4992.484
4.205850084208197,0.2403676318783754,25.605673027238563,0.237,4.337,4995.406
4.20569205944788,0.23879610422729433,25.596785311816603,0.237,4.337,4998.312
4.205793797897664,0.23822469464366025,25.596379236146,0.236,4.337,5001.219
4.206053160075817,0.23868000496918604,25.596840929438034,0.236,4.337,5004.125
4.205780937347662,0.24115866758363208,25.59485472114455,0.236,4.337,5007.047
4.206024170586903,0.23985943000663237,25.6003213654202,0.236,4.337,5009.953
4.206094727464237,0.24001044439775737,25.592500787032222,0.236,4.337,5012.859
4.206105666050345,0.24052537182556918,25.587186012176847,0.236,4.337,5015.766
4.206029237847514,0.2394466824309911,25.591011999704033,0.236,4.337,5018.687
4.2061219649466155,0.2381371416442656,25.58420090556464,0.236,4.337,5021.594
4.206078573412892,0.23929205937792128,25.58854630874678,0.236,4.337,5024.5
4.206405014635162,0.23914997591743803,25.57965517465249,0.236,4.337,5027.422
4.206280689994271,0.23795944321706952,25.57304213926893,0.236,4.337,5030.328
4.206506645950589,0.23862442950710605,25.572007316456197,0.236,4.337,5033.234
4.206197142908743,0.2347971851664769,25.57787724350938,0.236,4.337,5036.156
4.20619118016622,0.2365252285512389,25.568476884765406,0.236,4.337,5039.062
4.206364809859073,0.2383115089097032,25.562464101814356,0.236,4.337,5041.969
4.206512131143963,0.23617594033087014,25.557511526168085,0.235,4.337,5044.875
4.206282822220624,0.23675757062051575,25.558158205035117,0.235,4.337,5047.797
4.206483740588835,0.23523727439969264,25.55247097982904,0.235,4.337,5050.719
4.206687948428055,0.2349532690336738,25.556191013246487,0.235,4.337,5053.625
4.205745742668806,0.227018251574152,25.54581420763285,0.225,4.332,5056.562
4.205628016710093,0.2292926586898755,25.54806672830679,0.225,4.332,5059.469
4.205758588229248,0.22852075453967224,25.550539626648558,0.225,4.332,5062.375
4.20599778087076,0.22501960041946104,25.551811827917284,0.225,4.332,5065.281
4.205808173935107,0.2275586232540293,25.55139999115568,0.225,4.332,5068.187
4.205921019601687,0.22832828952534787,25.54584420939182,0.225,4.332,5071.109
4.205996519728132,0.22641263727615293,25.54333443225221,0.225,4.332,5074.016
4.206109536411915,0.22747934552450833,25.546326788337698,0.225,4.332,5076.922
4.205901202585915,0.22638123875621974,25.539156186447773,0.225,4.332,5079.828
4.205982813514283,0.2287710629578454,25.54336455938831,0.225,4.332,5082.75
4.206067317471164,0.23046718366198438,25.54426735672558,0.225,4.332,5085.656
4.205939813943467,0.22987713625035133,25.5437558395234,0.225,4.332,5088.594
4.206010514488825,0.2283038353638818,25.52573967878911,0.225,4.332,5091.5
4.205974914541623,0.22548045352889812,25.52656617719105,0.225,4.332,5094.406
4.206172561587433,0.22576572737444256,25.514013594073944,0.225,4.332,5097.312
4.206108393833381,0.23102357248418084,25.513626685068665,0.225,4.332,5100.219
4.206207245397346,0.2263240100459382,25.514026119331657,0.225,4.332,5103.141
4.206189713412688,0.22704215296243735,25.51530913515619,0.225,4.332,5106.078
4.206413063259666,0.2278266322094264,25.512986498652545,0.225,4.332,5109.0
4.206117721143768,0.22785991120857746,25.50939198699251,0.224,4.332,5112.0
4.206240628738935,0.22716859811046464,25.507734049539312,0.224,4.332,5114.984
4.206224536829996,0.22725860601056297,25.502917363266025,0.224,4.332,5117.922
4.206237209514206,0.22545482004475084,25.50076802419834,0.224,4.332,5120.828
4.206458151279611,0.2251042077853045,25.495912803109057,0.224,4.332,5123.75
4.206586911136805,0.22378040902906257,25.492141743904988,0.224,4.332,5126.656
4.20563331821627,0.21637724761870122,25.49399331853144,0.214,4.326,5129.594
4.204449070520714,0.20571671627473656,25.494170730423072,0.205,4.321,5132.516
4.204745117734209,0.2042002315621836,25.487598603139457,0.205,4.321,5135.437
4.204634421583592,0.2058419665571449,25.49424535950916,0.205,4.321,5138.344
4.204579908876261,0.20643749106861936,25.492494546849528,0.205,4.321,5141.25
4.20457831858374,0.20602250799009814,25.492887145681095,0.205,4.321,5144.172
4.204749917785852,0.20666505564042387,25.48633314304385,0.205,4.321,5147.078
4.204819708130603,0.20767967392495335,25.49001314890013,0.205,4.321,5149.984
4.204724518385213,0.20669811359332738,25.482060491438627,0.205,4.321,5152.891
4.204637836230907,0.2068354269738563,25.48289401446659,0.205,4.321,5155.812
4.20465102671455,0.21129936159498436,25.48322092461289,0.205,4.321,5158.719
4.204790404169104,0.2071396203460438,25.471306367866468,0.205,4.321,5161.625
4.204870132761602,0.2095537124839374,25.474989032837716,0.205,4.321,5164.562
4.204656078512368,0.20788297005632264,25.475751797996743,0.205,4.321,5167.469
4.204612299980925,0.20802665667212072,25.482477330344565,0.205,4.321,5170.375
4.204854302428962,0.20690257041803817,25.473631816201756,0.205,4.321,5173.297
4.20468242758281,0.20636513614727392,25.472600450585148,0.205,4.321,5176.203
4.204630589068747,0.20797376626287342,25.467639011538665,0.205,4.321,5179.109
4.204765032188182,0.2054865476575255,25.463987929058106,0.205,4.321,5182.016
4.204731007755297,0.2086767702179336,25.455826859837032,0.205,4.321,5184.922
4.204819488171528,0.2067508512298692,25.4513974384035,0.205,4.321,5187.828
4.204797404332292,0.20605077918918024,25.45102918979242,0.205,4.321,5190.75
4.204736321581734,0.2069654570469914,25.45438458937961,0.205,4.321,5193.656
4.204943702777272,0.20467411682350364,25.456365780160915,0.205,4.321,5196.562
4.204883459497569,0.20532426720711863,25.448993872120695,0.205,4.321,5199.484
4.204968323101427,0.20766367241155506,25.44930716790083,0.205,4.321,5202.391
4.204816451512249,0.20923693019641643,25.450088202497035,0.205,4.321,5205.297
4.205241702651177,0.2042296641520224,25.445174463115993,0.205,4.321,5208.203
4.205151532687345,0.20602483877536784,25.443962411980884,0.205,4.321,5211.109
4.205056608958136,0.2036654527801488,25.439306134337777,0.205,4.321,5214.031
4.205127760496065,0.20637978114878774,25.441345764830746,0.205,4.321,5216.937
4.2051261893457434,0.20814622864495747,25.438960216044478,0.205,4.321,5219.859
4.204980308072873,0.20567784339878536,25.43554417265905,0.205,4.321,5222.859
4.205187694762996,0.20554293545482988,25.432014645523886,0.205,4.321,5225.766
4.205147783713214,0.2049784586203174,25.43038250560792,0.205,4.321,5228.781
4.20523549564653,0.20494893060782185,25.426760779483303,0.204,4.321,5231.766
4.205111452008299,0.20621675119051783,25.43547969164804,0.204,4.321,5234.703
4.2051026607217015,0.20567132988480022,25.422726985316324,0.204,4.321,5237.625
4.205409321257655,0.2074446889339016,25.427342365308572,0.204,4.321,5240.531
4.205301523098188,0.2046467499789619,25.424889279504423,0.204,4.321,5243.437
4.205293534168111,0.20604048079215276,25.427012021960056,0.204,4.321,5246.344
4.205053127919467,0.2052299535056027,25.412663222166056,0.204,4.321,5249.25
4.205312224826925,0.20595079606110403,25.417894283552343,0.204,4.321,5252.172
4.205458774699188,0.2055032221583628,25.41939115490835,0.204,4.321,5255.078
4.205649048331959,0.20615253776933012,25.414152713176332,0.204,4.321,5257.984
4.205658611434756,0.20515981479076367,25.41316995749996,0.204,4.321,5260.891
4.205426038870412,0.2053560679021036,25.410116937723753,0.204,4.321,5263.797
4.205431883971898,0.20462781259046905,25.406856839459195,0.204,4.321,5266.703
4.205432137702269,0.204088519775496,25.414253582329867,0.204,4.321,5269.625
4.205249856516695,0.20440195002615294,25.399224164616697,0.204,4.321,5272.531
4.205444261908004,0.20506714359617323,25.399774504193896,0.204,4.321,5275.437
4.20562370842497,0.2074564712212984,25.409230121340748,0.204,4.321,5278.344
4.2056295284606735,0.20337261154193784,25.407275034519383,0.204,4.321,5281.25
4.205774510072577,0.20083649424983205,25.410211151589852,0.204,4.321,5284.156
4.205824486105174,0.20541447528494178,25.41542732245186,0.202,4.321,5287.062
4.20588511888685,0.20398188322746505,25.410452423575734,0.202,4.321,5289.969
4.205658570106833,0.20537430055155118,25.400291593738473,0.202,4.321,5292.875
4.206016193200482,0.20417013266333536,25.39576355003612,0.202,4.321,5295.781
4.205754566663175,0.20264950832120912,25.392980091270168,0.202,4.321,5298.703
4.20614593760385,0.20496122353635063,25.393849507767474,0.202,4.321,5301.609
4.206072149955477,0.2044156153596631,25.393753805141543,0.202,4.321,5304.516
4.205774413936981,0.20356040090080543,25.386179613112038,0.202,4.321,5307.422
4.205971120507987,0.2069899179409343,25.39181634116559,0.202,4.321,5310.328
4.205968397505537,0.20128653535227373,25.38030871016752,0.202,4.321,5313.234
4.206169159109931,0.2046814205218365,25.380756848558693,0.202,4.321,5316.141
4.205951319069057,0.20332841912234215,25.3794334956581,0.202,4.321,5319.047
4.20599984956174,0.20543734484741766,25.365383064685478,0.202,4.321,5321.953
4.2063660350174,0.2013995435811051,25.372757040994394,0.202,4.321,5324.859
4.2059247483368205,0.20647615128159746,25.36925281991493,0.202,4.321,5327.766
4.206201867378242,0.20063950078778453,25.369723407369875,0.202,4.321,5330.672
4.206514224777039,0.20468115217386043,25.373035825918425,0.202,4.321,5333.578
4.206456148906796,0.20384330636540993,25.370689550817676,0.201,4.321,5336.484
4.206485976076668,0.2031400681384972,25.361127478262922,0.201,4.321,5339.391
4.206436670123712,0.20704851932698304,25.35750332373541,0.201,4.321,5342.297
4.206370866234843,0.20236339887029417,25.356160942164276,0.201,4.321,5345.203
4.206583941442984,0.20148981746022684,25.35910007126136,0.201,4.321,5348.109
4.205605813385137,0.1919903964386093,25.347965247516573,0.191,4.315,5351.047
4.20487596961307,0.18347953132345277,25.351560464383706,0.182,4.31,5353.984
4.204711259088484,0.18534334946923692,25.347430440523024,0.183,4.31,5356.891
4.20479737561007,0.18427926507236642,25.35729293479574,0.182,4.31,5359.797
4.204819111532517,0.18335358095764173,25.356104135555963,0.183,4.31,5362.703
4.204545601624605,0.1844565841540707,25.350020399852042,0.183,4.31,5365.625
4.204746647451085,0.1840566017675508,25.34567806398042,0.183,4.31,5368.531
4.204671294182916,0.18350848037066084,25.343264090969228,0.183,4.31,5371.437
4.204739430660662,0.18490861492965574,25.341181539246648,0.183,4.31,5374.344
4.20476154571139,0.18289883514980546,25.340911723414433,0.183,4.31,5377.25
4.204532562543339,0.1843040185699885,25.339779345269136,0.183,4.31,5380.156
4.204779648387722,0.18426749759107644,25.342121643842724,0.183,4.31,5383.062
4.204636905524637,0.1836929232974911,25.340755656224978,0.183,4.31,5386.0
4.204882167300841,0.18733611016081708,25.336037423916274,0.182,4.31,5388.906
4.204493057872885,0.18469837072420822,25.332711129370498,0.183,4.31,5391.812
4.204905268339389,0.1848235212692281,25.331636393885837,0.183,4.31,5394.719
4.2046256582016595,0.1841212952706336,25.324650258626328,0.183,4.31,5397.625
4.204974153985456,0.18132382066609568,25.324048525298934,0.183,4.31,5400.547
4.204812508133233,0.18532509350606285,25.32963320465086,0.183,4.31,5403.453
4.204871470730143,0.1857761036311957,25.31535469229464,0.182,4.31,5406.359
4.204789987723016,0.1850857638850396,25.319669314528525,0.183,4.31,5409.266
4.204784495501568,0.1830688639019658,25.321229429801214,0.182,4.31,5412.172
4.204716729038201,0.1843205841427228,25.319993840497748,0.182,4.31,5415.078
4.20473767966418,0.18061759552465997,25.320339725451664,0.182,4.31,5418.0
4.204921555560452,0.18693028479256654,25.319728063632105,0.182,4.31,5420.906
4.204949365552024,0.18271825741082767,25.319610756982993,0.182,4.31,5423.828
4.20490038923138,0.18477899690146476,25.316055907707344,0.182,4.31,5426.734
4.205154587776118,0.1853493256793278,25.318127167290484,0.182,4.31,5429.641
4.204919707790893,0.18378711437591147,25.310369154702876,0.182,4.31,5432.547
4.2051772322147265,0.1854990959454855,25.315100248547694,0.182,4.31,5435.453
4.204875551807488,0.1833684355925034,25.310980141223364,0.182,4.31,5438.375
4.204926617039485,0.18416928476976555,25.30272268778132,0.182,4.31,5441.281
4.204937521425999,0.18376461672736122,25.31100901836305,0.182,4.31,5444.187
4.2048911669124225,0.18422274101803593,25.30587555556208,0.182,4.31,5447.094
4.205152391647759,0.18573086247769455,25.30785583892007,0.182,4.31,5450.0
4.205380302351582,0.18317542845534018,25.30981307277012,0.182,4.31,5452.922
4.205036343342881,0.18400952239839488,25.309326835599347,0.182,4.31,5455.828
4.205421252502911,0.18216850109022184,25.310610407784147,0.182,4.31,5458.734
4.2051166959336,0.1851367263451181,25.300956392270695,0.182,4.31,5461.656
4.205287663315455,0.18170075058027593,25.297512157128683,0.182,4.31,5464.562
4.205364867369029,0.18316301310908992,25.30074336749604,0.182,4.31,5467.469
4.2053087845218675,0.18273880219297675,25.293099486959402,0.182,4.31,5470.375
4.205446577349681,0.180971703825179,25.297998538917287,0.182,4.31,5473.281
4.205293911742678,0.18359182462700743,25.29916974011061,0.182,4.31,5476.187
4.205372483538505,0.1843277745873514,25.295928179924523,0.182,4.31,5479.109
4.205419146322832,0.18501451156314408,25.2938311645758,0.182,4.31,5482.016
4.205519371164853,0.180818295320917,25.284703343146006,0.18,4.31,5484.922
4.205374206027945,0.1846057928891879,25.28529529163879,0.182,4.31,5487.844
4.205646182011688,0.18371711144800298,25.28186502292493,0.18,4.31,5490.75
4.205540537179673,0.18200108759653352,25.277658731546836,0.18,4.31,5493.656
4.2054814397996845,0.18204464565545417,25.27136254932026,0.18,4.31,5496.562
4.205593820737397,0.1813891920196255,25.27587557879939,0.18,4.31,5499.469
4.205604161150593,0.1843377402835823,25.27274126995253,0.18,4.31,5502.391
4.205549886965043,0.1825675788259182,25.275964942842986,0.18,4.31,5505.297
4.2055509490891225,0.1820240783646028,25.2806283168052,0.18,4.31,5508.203
4.205675715694279,0.18161605659189373,25.273521734454036,0.18,4.31,5511.109
4.2057335626706065,0.18107236833356882,25.271658492052186,0.18,4.31,5514.031
4.2057776140347425,0.18156136739669362,25.270402483022774,0.18,4.31,5516.937
4.2057109500465195,0.17960630784740045,25.273917399166002,0.18,4.31,5519.844
4.205832259824602,0.182133498852971,25.272782422968305,0.18,4.31,5522.766
4.205676652528065,0.18305816021668112,25.264266711891178,0.18,4.31,5525.672
4.2058850473524805,0.18339697649696413,25.262164921112813,0.18,4.31,5528.578
4.205848664400848,0.1796793735299015,25.257132408890744,0.18,4.31,5531.484
4.206090499469083,0.18327123516162144,25.251333506565413,0.18,4.31,5534.391
4.205981799500045,0.17934718264113875,25.254898325464406,0.18,4.31,5537.297
4.205871976669636,0.18316840287014854,25.26176890115324,0.18,4.31,5540.219
4.206127063791665,0.17973068198229292,25.251749666047722,0.18,4.31,5543.125
4.20609036560587,0.1836072092451031,25.257720518378598,0.18,4.31,5546.031
4.206007709354033,0.1833081834220881,25.24888359457209,0.18,4.31,5548.937
4.2058751561132866,0.18337626402310128,25.249540979697738,0.179,4.31,5551.844
4.206157548291234,0.18057733037727677,25.248833657655037,0.179,4.31,5554.766
4.206349112943743,0.18365752325702922,25.253195150361297,0.179,4.31,5557.672
4.206089572959472,0.181195071408461,25.248351453676435,0.18,4.31,5560.578
4.206137270685192,0.18167699090147887,25.24818604863254,0.179,4.31,5563.484
4.206522093861045,0.18073006648949655,25.242641553386278,0.179,4.31,5566.391
4.206330985342462,0.1801825885217096,25.237724338032415,0.179,4.31,5569.297
4.206299101207364,0.1804232577578635,25.23152850280629,0.179,4.31,5572.219
4.206474800489915,0.18039296006414154,25.226171413751523,0.179,4.31,5575.125
4.206391069528657,0.18058560861295123,25.23213058932788,0.179,4.31,5578.031
4.2065531988724105,0.18187966046105236,25.22762208601836,0.179,4.31,5580.953
4.205601676395708,0.16990755029951427,25.22902698393132,0.17,4.305,5583.891
4.20531761055884,0.16692313949417142,25.22824511387807,0.17,4.305,5586.797
4.2058590632348105,0.16937397705388058,25.225853823648016,0.17,4.305,5589.703
4.2054817706902075,0.16781925766635458,25.233385604644152,0.17,4.305,5592.609
4.205769143568508,0.17048148463945548,25.222583155204546,0.17,4.305,5595.531
4.205653532569379,0.16897226981006103,25.221264625079414,0.17,4.305,5598.437
4.205647059615705,0.1727656075903743,25.22241268855859,0.17,4.305,5601.344
4.205744484523314,0.1722840890246417,25.22275465937313,0.17,4.305,5604.25
4.20560183311026,0.17003987117264932,25.222072886884444,0.17,4.305,5607.156
4.2058401606614675,0.16899447062256803,25.216528005122786,0.17,4.305,5610.062
4.205645502894812,0.1705021548730784,25.225265494450923,0.17,4.305,5612.984
4.2058251716178505,0.17106017547331565,25.21717690350767,0.17,4.305,5615.922
4.205908122197939,0.17020635118222424,25.21929837751336,0.17,4.305,5618.828
4.205661276633184,0.16723541741890763,25.21605001346281,0.17,4.305,5621.734
4.205932521475854,0.17246996571353124,25.215242631810014,0.17,4.305,5624.641
4.20568740682402,0.1705144328151609,25.2109303723803,0.17,4.305,5627.562
4.205823234581626,0.17128783763247013,25.203374177866973,0.17,4.305,5630.469
4.20596077232727,0.1692765305332909,25.20937936206806,0.17,4.305,5633.375
4.206201912881976,0.17299065787053086,25.20047961532293,0.17,4.305,5636.281
4.205740613961286,0.1712050493940503,25.198414224976563,0.17,4.305,5639.187
4.205750040017251,0.1705706992166718,25.197691790524114,0.17,4.305,5642.109
4.206368134892378,0.17167079915297956,25.20185121019954,0.168,4.305,5645.016
4.206000989380785,0.16919590230477288,25.19976391668965,0.168,4.305,5647.922
4.205835677743485,0.17142488063271874,25.196973346390987,0.168,4.305,5650.844
4.2060698834272054,0.1710359002209734,25.207059389167892,0.17,4.305,5653.75
4.2060885324677475,0.1706728826948491,25.197024820772953,0.168,4.305,5656.672
4.206026039340417,0.17090782395306622,25.197325722871735,0.168,4.305,5659.578
4.206306043794686,0.1694089673396237,25.198024639390123,0.168,4.305,5662.484
4.206095324001645,0.17342210683037174,25.196524532877515,0.168,4.305,5665.391
4.206126414213892,0.1704563590977792,25.19184157519533,0.168,4.305,5668.312
4.206153285579292,0.16861849045094138,25.187052593601607,0.168,4.305,5671.219
4.205996193414366,0.1736132176444689,25.1855438794174,0.168,4.305,5674.125
4.20645305291082,0.17100424336234352,25.18865232742739,0.168,4.305,5677.031
4.206205927812956,0.16958312925151306,25.176282122740588,0.168,4.305,5679.937
4.206261205618756,0.1688523550556494,25.176940108118238,0.168,4.305,5682.859
4.206360037249011,0.16742730689489585,25.18272273381859,0.168,4.305,5685.766
4.206436768632363,0.17247467795061422,25.17978393081208,0.168,4.305,5688.687
4.2061615924789795,0.16706601967400125,25.177696919167843,0.168,4.305,5691.594
4.206126081730565,0.1693745807851197,25.17086439923812,0.168,4.305,5694.5
4.206395532356942,0.17136026063772825,25.16552801592172,0.168,4.305,5697.406
4.206329085153972,0.1693126502619519,25.169020435105534,0.168,4.305,5700.328
4.206397011374277,0.16927267915623467,25.17411433337884,0.168,4.305,5703.234
4.206580308380153,0.16910353532435446,25.167835511239364,0.168,4.305,5706.141
4.2058026598580565,0.1609787785844272,25.16162603090137,0.159,4.299,5709.078
4.205662711705066,0.16014335091174375,25.17316494083682,0.159,4.299,5711.984
4.205943629986509,0.15986265853648496,25.174753249343272,0.159,4.299,5714.906
4.205512782373487,0.15907899139970053,25.1590706698768,0.159,4.299,5717.812
4.205641114651215,0.15678128600261207,25.163024941381476,0.159,4.299,5720.719
4.205637740990216,0.15947137847842313,25.164282995180624,0.159,4.299,5723.625
4.205771702784979,0.1591101987174072,25.160670229134208,0.159,4.299,5726.531
4.205600821778319,0.15903244973115896,25.154904303859606,0.159,4.299,5729.453
4.205530989220833,0.15843391452111755,25.158265213143448,0.159,4.299,5732.359
4.205881697408122,0.15956977685089002,25.159281047905058,0.159,4.299,5735.266
4.205693375964446,0.15831860502166054,25.15813566887029,0.159,4.299,5738.187
4.205760276764067,0.15503051601718404,25.147089848447816,0.159,4.299,5741.109
4.205873090521555,0.16102020975247802,25.154684455329964,0.157,4.299,5744.031
4.205972237671247,0.15751001434856657,25.155292783230706,0.159,4.299,5746.937
4.20585818091674,0.1571040652970027,25.14536343231427,0.157,4.299,5749.844
4.205573188039694,0.15957425740572703,25.15085253802318,0.159,4.299,5752.75
4.2058016252830575,0.16033153522892848,25.148970720769935,0.157,4.299,5755.656
4.205763456397119,0.15895215855703457,25.16140979443495,0.159,4.299,5758.578
4.20583057557481,0.15943584007642922,25.151648688497854,0.157,4.299,5761.484
4.2059914044047515,0.15956241963619636,25.14970035768948,0.157,4.299,5764.391
4.205816613534729,0.16117580900056305,25.14795436133003,0.157,4.299,5767.297
4.205852699689488,0.1594957316177815,25.144551523042125,0.157,4.299,5770.203
4.205970075870376,0.16054207757145722,25.143217404829166,0.157,4.299,5773.109
4.205866062939305,0.1611938162320464,25.14807426955501,0.157,4.299,5776.031
4.205773846772012,0.15555062715603823,25.140270421991577,0.157,4.299,5778.937
4.2062620828731445,0.1599309074973715,25.145256366078947,0.157,4.299,5781.844
4.2060621716569075,0.15789064288328628,25.14450608720679,0.157,4.299,5784.766
4.205844160110538,0.16102268834821407,25.146801123656964,0.157,4.299,5787.672
4.2060814272812275,0.1598015152769334,25.137442002073524,0.157,4.299,5790.578
4.205968263638218,0.16079221966511703,25.133330436105222,0.157,4.299,5793.484
4.206061687180729,0.1607044708353359,25.13768004623926,0.157,4.299,5796.391
4.206186095315785,0.15798664742349197,25.133615447456812,0.157,4.299,5799.297
4.206177884118159,0.1601215143532217,25.13375196263612,0.157,4.299,5802.203
4.206374117118115,0.1558868018038146,25.13149538353756,0.157,4.299,5805.109
4.206228455146303,0.16150125057110198,25.12480496346135,0.157,4.299,5808.031
4.206198794597709,0.15822800001331047,25.129043752371743,0.157,4.299,5810.937
4.206448430247441,0.1570502162560078,25.12268625384638,0.157,4.299,5813.844
4.2065599735092585,0.15463098884560567,25.127061856567842,0.157,4.299,5816.75
4.2053350954226385,0.1516177141832299,25.121661697479116,0.148,4.294,5819.687
4.205355150084146,0.14754561126017718,25.11962587727899,0.148,4.294,5822.594
4.205530727290258,0.14841442953290154,25.123176185837927,0.148,4.294,5825.5
4.205494303365354,0.1500635308033957,25.122988415112236,0.148,4.294,5828.422
4.205606794769311,0.14684155746804897,25.121661143891338,0.148,4.294,5831.328
4.205439695672212,0.14620761640732086,25.120863528399216,0.148,4.294,5834.234
4.205410685005459,0.1489617396754778,25.114077089324592,0.148,4.294,5837.141
4.205596379880884,0.14865116086056782,25.117470155303824,0.148,4.294,5840.062
4.205348976403027,0.14973569932659625,25.114622817151727,0.148,4.294,5842.969
4.205415116003954,0.15146193759279553,25.111661893143843,0.148,4.294,5845.875
4.205550856210088,0.14830244222424974,25.113576824817144,0.148,4.294,5848.781
4.20550469155827,0.1497985831742217,25.115914355805728,0.148,4.294,5851.719
4.205625689752253,0.14876223624573032,25.105911503634296,0.148,4.294,5854.625
4.20564143377587,0.14661867753151123,25.11035426053466,0.148,4.294,5857.547
4.205606264903979,0.14817150925332043,25.115156259595267,0.148,4.294,5860.453
4.205595040560693,0.14833667571690515,25.11601818946965,0.148,4.294,5863.359
4.205700761921407,0.15037655808242373,25.115393937436114,0.148,4.294,5866.281
4.205661194918991,0.14944852742352968,25.111823269386022,0.148,4.294,5869.187
4.205801540433336,0.1477040622642344,25.10453838356047,0.148,4.294,5872.094
4.2055983608338625,0.1488048791803262,25.100089184054678,0.148,4.294,5875.0
4.205475137208334,0.149258460397204,25.101818744529645,0.148,4.294,5877.906
4.2058560598406345,0.14808602064273008,25.10006833516063,0.148,4.294,5880.828
4.205808277319339,0.14863534887555646,25.095219392995446,0.148,4.294,5883.734
4.205782912441513,0.14793123697097624,25.09520515531615,0.148,4.294,5886.656
4.205908888052797,0.14324149891228147,25.09495260481973,0.148,4.294,5889.562
4.205803274314862,0.14540468056911893,25.10159564285026,0.146,4.294,5892.469
4.205939466752674,0.1492802426176132,25.09574456153444,0.148,4.294,5895.375
4.205767317059691,0.15013687940301718,25.098115146049032,0.146,4.294,5898.281
4.205742844881149,0.15054158144958132,25.087360656530226,0.146,4.294,5901.187
4.2057501662071255,0.1488996104431619,25.09336410907021,0.146,4.294,5904.109
4.2056851322657085,0.14855698854555466,25.088092667486915,0.146,4.294,5907.016
4.2061088706646,0.15106131448798854,25.091587052926123,0.146,4.294,5909.922
4.2058965350777875,0.14815521902146353,25.086790628713853,0.146,4.294,5912.828
4.205921097251192,0.1485923143015018,25.09386234511076,0.146,4.294,5915.734
4.205834549254572,0.1500400542771849,25.093880038646603,0.146,4.294,5918.656
4.205874664042521,0.14760500623217807,25.087595963155724,0.146,4.294,5921.562
4.206196711655869,0.14973197707415276,25.078312642463235,0.146,4.294,5924.469
4.206223169318304,0.14949609516843695,25.08026123080434,0.146,4.294,5927.391
4.206068011303548,0.14931021661036578,25.07772302359788,0.146,4.294,5930.297
4.206060625463198,0.15150471331808493,25.082459941897245,0.146,4.294,5933.203
4.2060302470580995,0.14766799873610356,25.07424017482334,0.146,4.294,5936.109
4.206027894445759,0.14853086765039875,25.08040933658552,0.146,4.294,5939.016
4.20603163575255,0.1493073618706619,25.07175810023503,0.146,4.294,5941.937
4.20599817571002,0.14645327526760585,25.073116390124664,0.146,4.294,5944.844
4.206206665355002,0.14914024210304516,25.07528390197457,0.146,4.294,5947.75
4.20637935709964,0.14657356054414133,25.064856055940336,0.146,4.294,5950.656
4.206222292964799,0.14525748048345857,25.06870478549763,0.146,4.294,5953.578
4.206202997587309,0.14748403149415346,25.06521095896633,0.146,4.294,5956.484
4.206373032636026,0.14847557020263624,25.074371137690697,0.146,4.294,5959.391
4.206437736855156,0.14629371227468327,25.066238344028847,0.146,4.294,5962.297
4.206264983288409,0.14771728620824517,25.06741221592547,0.146,4.294,5965.203
4.206371976201913,0.1490467659448928,25.0617521861151,0.146,4.294,5968.109
4.206542239013546,0.1504678986055051,25.061753600685638,0.145,4.294,5971.016
4.206338947083527,0.14641436647554656,25.06145732447175,0.145,4.294,5973.937
4.2062641413264465,0.14659123546647676,25.05889166992601,0.145,4.294,5976.844
4.206374969941915,0.14762211930773747,25.058780465841895,0.145,4.294,5979.75
4.206396619913175,0.14860505830900456,25.061576798191236,0.145,4.294,5982.656
4.206465629993732,0.15052882822492938,25.064224128943525,0.145,4.294,5985.562
4.206453050751753,0.1440040981410952,25.062114025806633,0.145,4.294,5988.469
4.206505784551251,0.1477366722637704,25.05762011052025,0.145,4.294,5991.391
4.206374187253929,0.1460829849229585,25.059802180979577,0.145,4.294,5994.297
4.206483911415658,0.14851272490110504,25.062151168593942,0.145,4.294,5997.203
4.206799973428557,0.1460594463082135,25.05449665877991,0.145,4.294,6000.109
4.20575153185294,0.13725022931227573,25.056830490237076,0.136,4.288,6003.047
4.205760038654903,0.13810825442927707,25.051765017451412,0.136,4.288,6005.953
4.20575726347396,0.13460191735518384,25.052984541441806,0.136,4.288,6008.859
4.205784805661741,0.13437486378252175,25.049069543425915,0.136,4.288,6011.766
4.2057402480188,0.13888789044759298,25.04915755582557,0.136,4.288,6014.687
4.205891902725657,0.13827232539666787,25.051740630765945,0.136,4.288,6017.594
4.205788996934774,0.13548275364881768,25.047757980373625,0.136,4.288,6020.5
4.205995880561937,0.1356497346686977,25.040831553487937,0.136,4.288,6023.406
4.205737961832453,0.13662583403171644,25.048781958321573,0.136,4.288,6026.312
4.2057802163086935,0.13748152919991105,25.03850523353074,0.136,4.288,6029.219
4.205843131670536,0.1383126302622704,25.048541707696437,0.136,4.288,6032.125
4.206091352621936,0.13397311605225068,25.05301886607738,0.136,4.288,6035.062
4.205820136185322,0.14052174789629332,25.051732394169893,0.136,4.288,6037.969
4.2058552527797275,0.13358685268703763,25.044624966860713,0.136,4.288,6040.891
4.20584500441051,0.13767631631961313,25.0468202884608,0.136,4.288,6043.797
4.205970802909964,0.13511866268865805,25.04028613024118,0.136,4.288,6046.703
4.20593124572503,0.13796404136543794,25.02906458004385,0.136,4.288,6049.609
4.206022866341111,0.1364184628808178,25.034531160202558,0.136,4.288,6052.516
4.205660336388916,0.14015571159098267,25.032660125197363,0.136,4.288,6055.437
4.205618837122078,0.13856090306157468,25.022641847466588,0.136,4.288,6058.344
4.20586052393346,0.1374332536567823,25.02412385043521,0.136,4.288,6061.25
4.206101036590886,0.13666740507883085,25.031388983661707,0.136,4.288,6064.156
4.206082607122789,0.13480757030689106,25.021932541333367,0.136,4.288,6067.062
4.206161636288867,0.1364938121717875,25.023517620641044,0.136,4.288,6069.984
4.206159156054823,0.13554673180660282,25.033415396169598,0.136,4.288,6072.891
4.2062041812701905,0.13610652317424962,25.030807620601262,0.136,4.288,6075.797
4.205959011847411,0.13810951906747126,25.02842331309365,0.136,4.288,6078.703
4.2061272901348925,0.13574252912441667,25.027436080170354,0.136,4.288,6081.625
4.206056657219449,0.1375376252970161,25.03204986532219,0.136,4.288,6084.531
4.206093663063935,0.13839316279116662,25.025969038499404,0.136,4.288,6087.437
4.205920278954281,0.1368049432210136,25.02414832726634,0.136,4.288,6090.344
4.206183326608044,0.13708277530171908,25.023075261136366,0.136,4.288,6093.25
4.206174626605841,0.1383519068531958,25.022753343774983,0.136,4.288,6096.172
4.206228473910998,0.13562454426894952,25.02675187151182,0.136,4.288,6099.125
4.205879457690447,0.13901052431505714,25.023933596388247,0.134,4.288,6102.187
4.206420370257417,0.13166279396014002,25.017357246415852,0.134,4.288,6105.203
4.2063270586591965,0.13491994744555919,25.01601451644936,0.134,4.288,6108.156
4.206304266585196,0.13566014637508117,25.017083176526437,0.134,4.288,6111.094
4.206530663004183,0.13668706131237265,25.020415623429656,0.134,4.288,6114.031
4.206278279973083,0.13694646024036655,25.01920399154992,0.134,4.288,6116.984
4.206034678097307,0.13933430073357883,25.01581040930903,0.134,4.288,6119.906
4.206285374147879,0.13648396179782704,25.022968780530896,0.134,4.288,6122.828
4.206286419957411,0.13404100141771394,25.017536893730657,0.134,4.288,6125.719
4.20640703464592,0.13676791550639428,25.015265362168048,0.134,4.288,6128.625
4.206331875614495,0.1349085906388486,25.013907331494895,0.134,4.288,6131.531
4.206474220261835,0.13835500546620286,25.0164477708286,0.134,4.288,6134.437
4.206509324515616,0.1370166032106992,25.015466227670206,0.134,4.288,6137.344
4.206421357223832,0.13478484246450265,25.01616595765568,0.134,4.288,6140.25
4.206595266619284,0.13553054698167574,25.01434708558621,0.134,4.288,6143.156
4.205537664593545,0.12614762552305947,25.02376802476749,0.125,4.283,6146.094
4.205752547359168,0.12601430731157603,25.021498631122626,0.125,4.283,6149.0
4.2055264830849355,0.12700550963276833,25.010123676130696,0.125,4.283,6151.922
4.205912375605322,0.12660806846918457,25.018604603451514,0.125,4.283,6154.828
4.205711247290342,0.12493422178310201,25.012131822255007,0.125,4.283,6157.734
4.205512957076101,0.12453862694581219,25.010968422388547,0.125,4.283,6160.641
4.205624075445255,0.1255286468552106,25.007943893062848,0.125,4.283,6163.562
4.205521695148702,0.12584485088632125,25.005798534889458,0.125,4.283,6166.469
4.205254316033818,0.1266383006480415,24.997536818225996,0.125,4.283,6169.375
4.205649940116306,0.12234281911436526,25.000511481235606,0.125,4.283,6172.281
4.205904816961953,0.12692415617682695,25.00195582702346,0.125,4.283,6175.203
4.205552519091286,0.12386384208569863,25.00492191973864,0.125,4.283,6178.141
4.205701519202705,0.1261844262929624,25.004022350471082,0.125,4.283,6181.047
4.205414686086328,0.1219819586839694,24.997708583959092,0.125,4.283,6183.953
4.205679719674392,0.13086187926168286,25.009155344129326,0.125,4.283,6186.859
4.205641548816596,0.12896842666679303,24.996074330524387,0.125,4.283,6189.766
4.205597018307728,0.12329848012120058,24.998639040437812,0.125,4.283,6192.687
4.205697585213931,0.12552990612109086,24.995024714567887,0.125,4.283,6195.594
4.20598182969487,0.12464979982071564,24.997684236815722,0.125,4.283,6198.5
4.205809512679828,0.12755449204429453,24.992874072173645,0.125,4.283,6201.437
4.205933013826296,0.12714308936770258,24.998520997826432,0.125,4.283,6204.344
4.205596489176387,0.12439921344622738,24.99913562923665,0.125,4.283,6207.266
4.2058315395307,0.12394592065561903,25.004440022889902,0.125,4.283,6210.266
4.205838469449312,0.12689393516495434,24.998969381607317,0.125,4.283,6213.187
4.20549074234652,0.12464385081565575,24.991838173072747,0.125,4.283,6216.125
4.205626815775125,0.12686681561100088,24.996363272927727,0.123,4.283,6219.094
4.205782068494343,0.12388557914056658,24.993459780933758,0.125,4.283,6222.141
4.205627258946895,0.12691441972656006,24.9890059079677,0.125,4.283,6225.125
4.205789249856759,0.12606789123582343,24.98199724514648,0.123,4.283,6228.047
4.205740847075062,0.1273720259385229,24.980615624503514,0.123,4.283,6230.984
4.205852409528555,0.12543273254667414,24.982144140184495,0.123,4.283,6233.922
4.205728810504106,0.12659797675058265,24.979835101803367,0.123,4.283,6236.828
4.206191142369112,0.1300077621951142,24.978034882655336,0.123,4.283,6239.734
4.2058757911688325,0.12252916136827796,24.980544806170492,0.123,4.283,6242.641
4.20605073131698,0.12634332318026326,24.978202367186178,0.123,4.283,6245.547
4.205770585990956,0.12479752415391963,24.977891545717494,0.123,4.283,6248.453
4.206192009710348,0.12702628855983017,24.976945498576658,0.123,4.283,6251.359
4.205951442304959,0.12225333058504186,24.977041016274594,0.123,4.283,6254.266
4.205959471611068,0.12679409568027522,24.97230121081142,0.123,4.283,6257.172
4.206127988565333,0.12545132682624535,24.976267835483394,0.123,4.283,6260.078
4.205909250879075,0.12518694884733375,24.973089870470357,0.123,4.283,6262.984
4.206094196966919,0.12212787984240883,24.972714934496064,0.123,4.283,6265.906
4.206086294037882,0.12690933390170772,24.978108487317833,0.123,4.283,6268.812
4.20596006882539,0.12121412833268183,24.980177349521302,0.123,4.283,6271.719
4.2062676045908445,0.1251814507407313,24.97517551378887,0.123,4.283,6274.625
4.206247393221337,0.12378438530799121,24.970673531389696,0.123,4.283,6277.531
4.20615488837647,0.12291309616677637,24.96246689990999,0.123,4.283,6280.437
4.206331408022131,0.126455782500856,24.968133993371993,0.123,4.283,6283.344
4.206262295097639,0.1258639705694131,24.967680864518112,0.123,4.283,6286.25
4.20657475780359,0.1254043593405329,24.971209252987173,0.123,4.283,6289.156
4.20536554519789,0.11322239671769371,24.966808008119763,0.114,4.278,6292.078
4.205454436293837,0.11762184601819413,24.9675746594733,0.114,4.278,6295.0
4.205220847225259,0.11198472472355721,24.964900360907333,0.114,4.278,6297.906
4.205340185710409,0.11417926285428927,24.963901973965207,0.114,4.278,6300.812
4.205183124512162,0.11327810602440166,24.96591976101279,0.114,4.278,6303.719
4.2050859517305454,0.11303676755682343,24.968009925225505,0.114,4.278,6306.625
4.205297108268968,0.1166793939382066,24.959619609170176,0.114,4.278,6309.547
4.205169554929841,0.1137788904001545,24.956333047356285,0.114,4.278,6312.453
4.205285899432744,0.11568891224183754,24.952423694309513,0.114,4.278,6315.359
4.205432830994162,0.11868769811198988,24.958881525672627,0.114,4.278,6318.266
4.205017069397861,0.11464159026454748,24.955153247632573,0.114,4.278,6321.172
4.205342060245251,0.11287495658607939,24.95110151650967,0.114,4.278,6324.109
4.205004621603619,0.1108904489191078,24.957654001562766,0.114,4.278,6327.031
4.205278915200029,0.11670554865195622,24.958499116218803,0.114,4.278,6329.937
4.205294824614609,0.11307723114282836,24.963396514301706,0.114,4.278,6332.844
4.205457920245382,0.11493160292102317,24.95614547857962,0.114,4.278,6335.75
4.205340302395609,0.1158942605398113,24.957259001277414,0.114,4.278,6338.656
4.2054742967479,0.11531942496148835,24.953764745231037,0.114,4.278,6341.578
4.205456091210987,0.1124218926912765,24.951631394286512,0.114,4.278,6344.484
4.205474480741833,0.11202121137241947,24.95329793583107,0.114,4.278,6347.391
4.20554665942167,0.11798762543822235,24.94778037917118,0.114,4.278,6350.297
4.205327380288471,0.11095753356588246,24.95075666709724,0.114,4.278,6353.219
4.205464802183288,0.11160443536218408,24.955285195253342,0.114,4.278,6356.125
4.205453231499708,0.10956220007299369,24.949112830253444,0.114,4.278,6359.031
4.205480380297341,0.11553746040065528,24.952154724681158,0.114,4.278,6361.953
4.205584000753898,0.11664139221961406,24.954115030767444,0.114,4.278,6364.859
4.205432677545301,0.11331876075129726,24.94762755559791,0.114,4.278,6367.766
4.205448684964033,0.11497422044538566,24.95554803263832,0.114,4.278,6370.672
4.205568940404451,0.1147532413001301,24.945877975244507,0.114,4.278,6373.594
4.2056893008383405,0.11458167323634096,24.94428038312271,0.114,4.278,6376.5
4.205520621678106,0.11553204163037786,24.948492399192382,0.112,4.278,6379.406
4.205532607088605,0.11432628406433527,24.94676902375182,0.114,4.278,6382.312
4.205358851677249,0.11529970932567385,24.94661105565992,0.114,4.278,6385.219
4.205476899767795,0.11532331699655725,24.948291082453554,0.114,4.278,6388.141
4.205590465621723,0.11688244582280055,24.94950630406414,0.114,4.278,6391.047
4.205701260414637,0.1130225698231899,24.944620281563335,0.112,4.278,6393.953
4.205712772015121,0.11402836574688088,24.942606599149208,0.114,4.278,6396.875
4.205586742415515,0.11362382830241505,24.939176768177653,0.112,4.278,6399.781
4.205673770091827,0.11469827824423492,24.946535994722286,0.112,4.278,6402.687
4.205575254701015,0.11283029566769155,24.942189319484793,0.114,4.278,6405.594
4.205518128076649,0.11465403215322524,24.933878102804496,0.112,4.278,6408.5
4.205664259362439,0.1130270899958163,24.931142420538233,0.112,4.278,6411.422
4.205707675992147,0.11131702622852153,24.927519552694225,0.112,4.278,6414.328
4.205826383329293,0.11578147909728216,24.943598584330655,0.112,4.278,6417.234
4.205789404726423,0.11633312308708707,24.9317842291082,0.112,4.278,6420.141
4.205745690853781,0.11446494309105133,24.932836287646406,0.112,4.278,6423.062
4.205815443348508,0.11415628618003168,24.92989160610432,0.112,4.278,6425.969
4.205754873592585,0.11207851232510109,24.940925940924902,0.112,4.278,6428.875
4.205926320348631,0.11604094348701267,24.938923594567203,0.112,4.278,6431.781
4.205831311532415,0.1138459566120104,24.92693943081988,0.112,4.278,6434.703
4.205922259959096,0.11357176880894448,24.921222467713093,0.112,4.278,6437.609
4.205621170677609,0.11658615187716416,24.92506066846122,0.112,4.278,6440.516
4.20574329837796,0.11631409573144429,24.921251033238708,0.112,4.278,6443.422
4.206187913688826,0.11497334690419211,24.923108368139367,0.112,4.278,6446.344
4.20591758614819,0.11473522605886231,24.923453698945956,0.112,4.278,6449.25
4.205831473732097,0.1173643989116163,24.923176469806453,0.112,4.278,6452.156
4.205878532084809,0.1126043994621516,24.924591258972516,0.112,4.278,6455.078
4.205834983959965,0.1132806557910051,24.923513969172582,0.112,4.278,6457.984
4.206186982171177,0.11584603629723388,24.918174684162782,0.112,4.278,6460.891
4.205913070511114,0.11247111108121007,24.917726128638765,0.112,4.278,6463.797
4.206008292100839,0.1166298806530421,24.918220247007394,0.112,4.278,6466.703
4.206018250161848,0.11254180107045267,24.918599132354366,0.112,4.278,6469.625
4.206251047039807,0.114898056088093,24.91191867843098,0.112,4.278,6472.531
4.206226453118273,0.11516207794221711,24.916238748731896,0.112,4.278,6475.437
4.205783382143433,0.11298843223431876,24.92006890064821,0.112,4.278,6478.344
4.206320639253,0.11500037174232526,24.911627534485028,0.112,4.278,6481.25
4.206107745252353,0.11348267325369626,24.91678425217097,0.112,4.278,6484.172
4.206013563889172,0.11363705659241888,24.915993551635108,0.112,4.278,6487.078
4.206117206784866,0.11388527663795746,24.91134951144405,0.112,4.278,6489.984
4.206132731390274,0.11516394384029577,24.914740475467593,0.112,4.278,6492.906
4.206170069467763,0.11464034860259834,24.916081024785353,0.112,4.278,6495.812
4.206042301282006,0.11442832137389812,24.913640418284675,0.112,4.278,6498.719
4.206173676246665,0.11283537975835409,24.901304161915032,0.112,4.278,6501.625
4.206195590113543,0.1132491126599306,24.907410359768612,0.112,4.278,6504.531
4.2063575308691075,0.11010474822857452,24.902897720595767,0.112,4.278,6507.453
4.206228350591021,0.11137311622002771,24.901469418524876,0.112,4.278,6510.359
4.206249968323961,0.11279232411597478,24.902464918049386,0.112,4.278,6513.266
4.2062015835008255,0.11382871791181523,24.898959533573695,0.111,4.278,6516.172
4.206320560703254,0.11283855631101901,24.900555722391335,0.111,4.278,6519.094
4.20624660049014,0.11232265978364225,24.8999439509683,0.111,4.278,6522.0
4.206482602120973,0.11149840508989574,24.90018809151342,0.111,4.278,6524.906
4.20647715371839,0.1131066309065103,24.892136022905458,0.111,4.278,6527.812
4.206318050845054,0.11077270628797047,24.890582728010028,0.111,4.278,6530.719
4.206452685034446,0.10930030566714811,24.893926338643535,0.111,4.278,6533.641
4.206373614855116,0.11562535357458537,24.88781912239252,0.111,4.278,6536.547
4.2065568995979845,0.1139263832835152,24.897656329568505,0.111,4.278,6539.453
4.206467223941712,0.11442786025575316,24.892065265696036,0.111,4.278,6542.359
4.206373719843804,0.11295373159836679,24.891377832855476,0.111,4.278,6545.281
4.206462140733261,0.11342468896545295,24.89099520042815,0.111,4.278,6548.187
4.206359144846897,0.11369696077049994,24.8954806119178,0.111,4.278,6551.094
4.206714077415362,0.1129762172644438,24.899006733328488,0.111,4.278,6554.016
4.206372279006309,0.11334677878408979,24.899255102902053,0.111,4.278,6556.922
4.206632164553826,0.11113439468337713,24.902857399632268,0.111,4.278,6559.828
4.206877312623483,0.11346241250924242,24.892245639293076,0.111,4.278,6562.734
4.206460289060635,0.11445536247076919,24.89539410279844,0.111,4.278,6565.641
4.206802319978032,0.11070137259477854,24.88552901408726,0.111,4.278,6568.547
4.206636686197691,0.11331802039609401,24.89130301224149,0.111,4.278,6571.469
4.2066476877056616,0.11399173550099169,24.890146485168582,0.111,4.278,6574.375
4.206755311807186,0.11594134096555817,24.884604376868406,0.111,4.278,6577.281
4.206802619557105,0.11268478130078854,24.889044341696412,0.111,4.278,6580.187
4.206713498054037,0.11031059522564877,24.88626770397747,0.111,4.278,6583.125
4.207114440364772,0.11241274237617119,24.886071951546967,0.111,4.278,6586.031
4.206721066023816,0.11003417755249889,24.883967212031482,0.111,4.278,6588.937
4.206980207504179,0.11178422033050472,24.874810419491748,0.111,4.278,6591.844
4.207039871526729,0.11165787806667973,24.88184697027818,0.111,4.278,6594.766
4.206894779274991,0.11369146653039433,24.8757183965785,0.11,4.278,6597.672
4.206787478177329,0.1141465563116904,24.8726652547915,0.111,4.278,6600.578
4.206743325820617,0.1109752958701608,24.870612714184514,0.11,4.278,6603.484
4.206799673677192,0.11249873619003312,24.88137104338833,0.11,4.278,6606.391
4.206873641417981,0.111251065087796,24.881232276204916,0.11,4.278,6609.297
4.207284672421903,0.11101100989757645,24.879767622473537,0.11,4.278,6612.219
4.207103494060963,0.11197843677599724,24.872396986568244,0.11,4.278,6615.156
4.206812434110346,0.11095449680101276,24.872779781462835,0.11,4.278,6618.062
4.207077510579587,0.1108167346821118,24.87302992081856,0.11,4.278,6620.969
4.207249139915504,0.11239388135548438,24.874281732712404,0.11,4.278,6623.875
4.20716416540336,0.10975998310869395,24.872700555419907,0.11,4.278,6626.781
4.2070940700552635,0.1093401155713365,24.87007959860017,0.11,4.278,6629.703
4.207252434251305,0.11130820192839216,24.86375436465458,0.11,4.278,6632.609
4.207010685617768,0.11207930486894487,24.86506732464144,0.11,4.278,6635.516
4.207167768883872,0.11226112685483484,24.8751108310824,0.11,4.278,6638.422
4.207201339921782,0.11062625428637149,24.87893063957513,0.11,4.278,6641.344
4.207195827149225,0.11333634968363936,24.873540015549658,0.11,4.278,6644.25
4.207512843933607,0.1124251652772561,24.877340748328365,0.11,4.278,6647.156
4.207192156438355,0.10642877744406494,24.872419001897356,0.11,4.278,6650.078
4.20729277476992,0.10987361873454778,24.864797047092992,0.11,4.278,6652.984
4.207488940445528,0.10991371414856642,24.861066347235155,0.11,4.278,6655.891
4.207186678944829,0.11144714581492797,24.863747006015682,0.11,4.278,6658.797
4.207486759245806,0.11072680791126047,24.86994873667101,0.11,4.278,6661.719
4.207359859034096,0.11002353270620022,24.85953500437063,0.11,4.278,6664.625
4.207323925503772,0.11110325979198339,24.865972495484097,0.11,4.278,6667.531
4.207432322441886,0.11068022039991139,24.858921511574266,0.11,4.278,6670.437
4.2074531409931435,0.112089699432821,24.862589602319105,0.11,4.278,6673.344
4.207460302357399,0.11116930627583575,24.862192390252925,0.11,4.278,6676.266
4.207599671020571,0.11050805890072576,24.861318392926233,0.11,4.278,6679.172
4.206483105049234,0.10041170131580562,24.861805404889328,0.1,4.272,6682.109
4.2067167872112,0.09723126689638216,24.866971871441226,0.1,4.272,6685.016
4.205734233085975,0.09020137717877688,24.860673315421796,0.091,4.267,6687.953
4.205735424115112,0.09125675088869348,24.863374135119667,0.091,4.267,6690.859
4.2057713841217,0.09170334256214699,24.86391738075626,0.091,4.267,6693.766
4.2055604388543015,0.09330957984561984,24.868608959709,0.091,4.267,6696.687
4.2056792202741695,0.09174989458877272,24.85675681439244,0.091,4.267,6699.594
4.205714197886557,0.09318736963281675,24.854731414288885,0.091,4.267,6702.5
4.205728734077507,0.09383943860859534,24.85006820684744,0.091,4.267,6705.406
4.20562696313526,0.09000929480630618,24.847635043920594,0.091,4.267,6708.312
4.20535073987466,0.09034602332132388,24.856097319868066,0.091,4.267,6711.219
4.20539620876646,0.09387256478505637,24.858362793237962,0.091,4.267,6714.141
4.205665998848325,0.09345525975636053,24.857384093023505,0.091,4.267,6717.047
4.205377466010314,0.09289323850947641,24.86351485365308,0.091,4.267,6719.984
4.205514768379436,0.09242234754245446,24.850474291897186,0.091,4.267,6722.891
4.2057522473160605,0.09116583967274698,24.851538000927217,0.091,4.267,6725.797
4.205710475752394,0.09248297933011333,24.857284949629758,0.091,4.267,6728.703
4.205509648624097,0.09297064053116937,24.85150202785342,0.091,4.267,6731.609
4.205328392947883,0.09012311832381102,24.85532350358077,0.091,4.267,6734.531
4.205380470938753,0.09059440254590731,24.84540837563482,0.091,4.267,6737.437
4.205572283794762,0.0913620392937948,24.847857526435583,0.091,4.267,6740.344
4.205553371143598,0.09137900296267397,24.85206369311697,0.091,4.267,6743.25
4.205532363445422,0.0937292224415234,24.850265754156005,0.091,4.267,6746.156
4.205448078804057,0.09614438951796694,24.85362284560514,0.091,4.267,6749.078
4.20564430278496,0.09218302035878811,24.852362174540023,0.091,4.267,6751.984
4.20552348734399,0.09517958693319346,24.861694030657134,0.091,4.267,6754.891
4.205307829948597,0.09224430349300543,24.859713862153065,0.091,4.267,6757.797
4.205309724840494,0.0927273173582512,24.854884372298454,0.091,4.267,6760.719
4.205303054067346,0.0906401510015797,24.865204073377143,0.091,4.267,6763.625
4.205444123826482,0.0915415040551108,24.853973387557637,0.091,4.267,6766.531
4.205473781793518,0.09107192748001522,24.85767030339656,0.091,4.267,6769.437
4.205513714842648,0.09307544224056492,24.855226316963883,0.091,4.267,6772.359
4.205549121688296,0.08976209065591095,24.856040772995176,0.091,4.267,6775.266
4.205567185783178,0.09231974185915989,24.844827616090633,0.091,4.267,6778.172
4.205536540450628,0.09334531248241966,24.851432377428882,0.091,4.267,6781.078
4.2057093478754854,0.09353509204153528,24.854392112255454,0.091,4.267,6784.0
4.205422620731174,0.09283004866588764,24.854746792141306,0.091,4.267,6786.922
4.20562218520492,0.09208264848840886,24.84779102174294,0.091,4.267,6789.828
4.205763860460455,0.09063055279688587,24.8453300469355,0.091,4.267,6792.734
4.205718549221733,0.09182323400393717,24.843260732154807,0.091,4.267,6795.656
4.205595487199555,0.08811762479250342,24.841992574263678,0.091,4.267,6798.562
4.205614101189832,0.09351454363775104,24.845621343214173,0.091,4.267,6801.469
4.2056041929115375,0.09005524922041623,24.8422216160443,0.091,4.267,6804.375
4.205774699447725,0.0923900903909236,24.840559274274312,0.091,4.267,6807.297
4.205645347601683,0.09217309952205613,24.838298044195515,0.091,4.267,6810.203
4.205561960928219,0.09248468819588682,24.83454379185808,0.091,4.267,6813.109
4.205490177198413,0.0908796015379466,24.83919269710878,0.091,4.267,6816.016
4.205556309104975,0.09087098355989114,24.841652232387982,0.091,4.267,6818.937
4.205731450237007,0.09286462626395275,24.83418505970607,0.091,4.267,6821.859
4.205902172730336,0.08954369358210695,24.83729330289783,0.091,4.267,6824.766
4.205994868361476,0.09240458301095648,24.837268620547665,0.091,4.267,6827.672
4.2056160739766675,0.09308640101844792,24.833468627729665,0.091,4.267,6830.594
4.2056772357070535,0.09215117606275629,24.831597429129392,0.091,4.267,6833.5
4.205710392105596,0.0917403586238662,24.832558686800223,0.091,4.267,6836.422
4.205854086312155,0.09056383419082545,24.833258353268842,0.091,4.267,6839.328
4.205864433386036,0.0881545054005619,24.837517371762214,0.091,4.267,6842.234
4.205687104589483,0.09346445779056094,24.834725871053834,0.091,4.267,6845.141
4.205711732187564,0.09214701005567993,24.825160896646246,0.091,4.267,6848.062
4.205390477325273,0.09240904737679065,24.827926019681225,0.091,4.267,6850.969
4.205696283080672,0.09006856060747302,24.830773324172647,0.091,4.267,6853.875
4.205715614946358,0.0917416890612225,24.82701661736077,0.091,4.267,6856.781
4.205812544478861,0.09051899684249325,24.83617340203252,0.091,4.267,6859.703
4.205710527564895,0.09465461859432095,24.832137576314107,0.091,4.267,6862.609
4.205791727844893,0.09082173682538094,24.82767867736263,0.091,4.267,6865.516
4.205834953380107,0.09189862194727057,24.830349388922162,0.091,4.267,6868.422
4.205902304328574,0.09479669129699918,24.826896556762957,0.091,4.267,6871.344
4.205702722021559,0.09049662149109548,24.823868741630505,0.091,4.267,6874.25
4.206055994427256,0.09321812249558036,24.82867362148119,0.091,4.267,6877.156
4.206196965884032,0.091971074153605,24.82863199535778,0.091,4.267,6880.078
4.206077957879215,0.09134034355623004,24.833230695057534,0.091,4.267,6883.0
4.205846087596584,0.09433358401304885,24.833263572057437,0.091,4.267,6885.906
4.205976949787775,0.09013463927663729,24.81993509905231,0.089,4.267,6888.812
4.205624580048188,0.09382364285910628,24.8340197181767,0.091,4.267,6891.734
4.205829103421104,0.09114170988934177,24.82524818190715,0.089,4.267,6894.641
4.205953537107829,0.09134990693526325,24.824513757291,0.091,4.267,6897.562
4.205923733285438,0.09098905480099165,24.831514576129543,0.089,4.267,6900.469
4.205951991119833,0.09051422528293442,24.826800849913607,0.089,4.267,6903.375
4.2061355610735935,0.09375425396228379,24.828033464367614,0.091,4.267,6906.281
4.206200788547875,0.09377941365745839,24.82477429442358,0.089,4.267,6909.187
4.206061223376875,0.09125742649629669,24.828587408944994,0.091,4.267,6912.094
4.205996059927229,0.0925025419874483,24.827829872282415,0.089,4.267,6915.0
4.206144098797849,0.09034968361630646,24.828189717544785,0.089,4.267,6917.937
4.2060255201607895,0.08860110207431282,24.82931839173,0.089,4.267,6920.844
4.206167059887065,0.09127735983749068,24.824252961231302,0.089,4.267,6923.75
4.2061087554274605,0.09180415994027853,24.820123299779585,0.089,4.267,6926.656
4.206132324920994,0.0928219700802172,24.82602475051865,0.089,4.267,6929.562
4.2061119837514065,0.09228530744006763,24.82575421899327,0.089,4.267,6932.469
4.206130527475477,0.09116872335601893,24.823522469614183,0.089,4.267,6935.375
4.206324039417128,0.08957434653684104,24.82296622452004,0.089,4.267,6938.281
4.206244469012124,0.09022180073957917,24.82090752605994,0.089,4.267,6941.203
4.20621399924294,0.093301761988898,24.812404874257403,0.089,4.267,6944.109
4.206067304873137,0.09007966147279875,24.818121528358997,0.089,4.267,6947.031
4.2064055437985255,0.09210834958410813,24.813619339452696,0.089,4.267,6949.937
4.206305356239854,0.09007403236049538,24.818275032456228,0.089,4.267,6952.844
4.206371238784713,0.08986199235754648,24.814360567974123,0.089,4.267,6955.766
4.206271645959686,0.09138787711484106,24.82161404729867,0.089,4.267,6958.672
4.206225797528296,0.09158411128859419,24.820810244161027,0.089,4.267,6961.578
4.206375571510605,0.09009264749257283,24.8158152544086,0.089,4.267,6964.484
4.206554178207319,0.09197899934540876,24.821927931101424,0.089,4.267,6967.391
4.205333183103273,0.07822588222954754,24.815350289899513,0.08,4.261,6970.328
4.205456038660115,0.08047912690730542,24.820671609329672,0.08,4.261,6973.234
4.205610914863184,0.08160138617608101,24.816867674218877,0.08,4.261,6976.141
4.205319889266977,0.07997856175812076,24.82399501917711,0.08,4.261,6979.047
4.205261594365274,0.08121117009820501,24.815083374677716,0.08,4.261,6981.953
4.205454922903232,0.08233766814974158,24.822132406186398,0.08,4.261,6984.859
4.205778721019205,0.07960265763750239,24.811329741706594,0.08,4.261,6987.766
4.205310959447554,0.07948491426070092,24.80771887421887,0.08,4.261,6990.672
4.205504361427704,0.08324970114894514,24.812878167401497,0.08,4.261,6993.578
4.205108229688778,0.0826414415568778,24.806835957624358,0.08,4.261,6996.484
4.205503080804139,0.08327109029154912,24.800200496223887,0.08,4.261,6999.391
4.205412659802204,0.08142204059394328,24.808655163659072,0.08,4.261,7002.328
4.205510950317331,0.08126754273778823,24.80108944989497,0.08,4.261,7005.234
4.205619005603504,0.08239564889045653,24.813677377969157,0.08,4.261,7008.141
4.205100509183053,0.08104184823748795,24.810429604939262,0.08,4.261,7011.047
4.205337882229898,0.07903556061670677,24.811267972766956,0.08,4.261,7013.953
4.205539591431967,0.08168160103618322,24.805565944474996,0.08,4.261,7016.859
4.205349453695824,0.0820229952588927,24.823468349136323,0.08,4.261,7019.766
4.205772275064101,0.07988966026846027,24.804290630432956,0.08,4.261,7022.672
4.205247838402474,0.07970689645705252,24.80992382244004,0.08,4.261,7025.562
4.205193528154591,0.08274881280187094,24.808704163749503,0.08,4.261,7028.469
4.205450183753669,0.08509351973838607,24.80885365167357,0.08,4.261,7031.375
4.205462018110967,0.08069002751801466,24.807775694908017,0.08,4.261,7034.281
4.205312099780599,0.07896924626680732,24.80903079925557,0.08,4.261,7037.203
4.205349858720024,0.08296122934176647,24.80452605484936,0.08,4.261,7040.109
4.2053716875338925,0.07958932808465487,24.799977544647565,0.08,4.261,7043.016
4.205395788022532,0.07911583193712446,24.804930124225198,0.08,4.261,7045.922
4.205370891017382,0.08392333246652307,24.807479740843803,0.08,4.261,7048.828
4.205053984796393,0.07901566795722174,24.807999131365598,0.08,4.261,7051.734
4.205404475765215,0.07825498554415726,24.799016083679888,0.08,4.261,7054.641
4.205544824070585,0.08094075870559539,24.80517421873541,0.08,4.261,7057.547
4.205526391736964,0.08115031972058186,24.807444978264733,0.08,4.261,7060.453
4.205307236719215,0.08104796048674613,24.805809511570317,0.08,4.261,7063.359
4.20536074043434,0.08238680543222116,24.806663349019498,0.08,4.261,7066.266
4.205331679421252,0.07900736637284424,24.79846209643959,0.08,4.261,7069.172
4.2052831873904255,0.0808042517157423,24.80408778367625,0.08,4.261,7072.078
4.205670300639365,0.08007174683405882,24.798367953874575,0.08,4.261,7074.984
4.2054479124180055,0.07968740178552391,24.80172988854092,0.08,4.261,7077.891
4.2055033764781715,0.08219720159417677,24.80569322300905,0.08,4.261,7080.797
4.205699366928056,0.08232826172879791,24.793055580557226,0.08,4.261,7083.703
4.205719174436459,0.08175581554825082,24.80157621149589,0.08,4.261,7086.609
4.205591879268543,0.08173922847917363,24.794787867276856,0.08,4.261,7089.516
4.205796695094226,0.07874016025051497,24.79925196243457,0.08,4.261,7092.422
4.205276084469509,0.08043822609311883,24.797164259629234,0.08,4.261,7095.328
4.205293450678909,0.08039391985847816,24.803194059606497,0.08,4.261,7098.234
4.205736159003919,0.07923858781308184,24.798003404647538,0.08,4.261,7101.156
4.205611587321544,0.07971280391441685,24.79598915440874,0.08,4.261,7104.047
4.205593679787678,0.07921738949739522,24.79708903820838,0.08,4.261,7106.953
4.2056985954302215,0.07857023475982383,24.80435948569841,0.08,4.261,7109.859
4.205498020363274,0.07985272776363983,24.802607878191743,0.08,4.261,7112.766
4.206013909294953,0.07931803870906136,24.794760710676425,0.08,4.261,7115.672
4.205751308924593,0.07801322187657715,24.797668158346436,0.08,4.261,7118.578
4.205717573683004,0.0804607053397717,24.805292545407514,0.08,4.261,7121.484
4.205476064630386,0.08182675193448716,24.798734029790054,0.08,4.261,7124.391
4.205691107105009,0.08036898408607308,24.794123455763334,0.08,4.261,7127.297
4.205423649043685,0.0794373176737966,24.793171159261693,0.079,4.261,7130.203
4.205555034043137,0.07990836194063408,24.798459780154293,0.08,4.261,7133.109
4.205848654391669,0.07987685178347666,24.79536090825084,0.079,4.261,7136.031
4.20593852120037,0.07601216367482398,24.794576891931435,0.079,4.261,7138.937
4.2060241775087315,0.0796690331061699,24.791474888800387,0.079,4.261,7141.844
4.205788416045201,0.07875869071081436,24.792730750671566,0.079,4.261,7144.75
4.2056145948694885,0.07975213247540044,24.790061221574987,0.079,4.261,7147.656
4.205809501382817,0.08112420501286491,24.791519765722093,0.079,4.261,7150.562
4.20558459811541,0.08133685185470446,24.793557258907448,0.079,4.261,7153.484
4.205777450489494,0.07837313871779564,24.7894846062954,0.079,4.261,7156.391
4.20575031398431,0.08066941712812707,24.799317863885037,0.079,4.261,7159.297
4.205762724622883,0.079395491615389,24.79791158837684,0.079,4.261,7162.203
4.205719067039657,0.07907941911814789,24.794332495595647,0.079,4.261,7165.125
4.205603724166112,0.08093516102804403,24.798745255900204,0.079,4.261,7168.031
4.205788767174356,0.0785203337790881,24.797064797411558,0.079,4.261,7170.937
4.205739806382885,0.07893792373142092,24.79601093012828,0.079,4.261,7173.844
4.205745181645506,0.08085867284449685,24.792209036868886,0.079,4.261,7176.75
4.205897492415503,0.08209934015963424,24.788825347260463,0.079,4.261,7179.656
4.2059429806956405,0.08187415463986109,24.785502558891395,0.079,4.261,7182.562
4.205897995659902,0.08112561058463191,24.77957177939494,0.079,4.261,7185.469
4.205822773539418,0.08005840745341694,24.774779661211337,0.079,4.261,7188.375
4.205781263577467,0.07828092444263669,24.789338292356256,0.079,4.261,7191.281
4.205886034397092,0.07905839644853112,24.78837502764208,0.079,4.261,7194.187
4.205835153894643,0.07909537940084915,24.78772603942748,0.079,4.261,7197.094
4.205964792047888,0.07926359103755853,24.790855636476813,0.079,4.261,7200.0
4.206086494516714,0.07820631108349073,24.78571330577025,0.079,4.261,7202.922
4.206039631153342,0.08089291128701052,24.78376209098037,0.079,4.261,7205.828
4.206140451617449,0.07812057135215016,24.780838796315127,0.079,4.261,7208.734
4.206126097180807,0.08165044616026024,24.787299766522803,0.079,4.261,7211.641
4.205835628522208,0.07446722066368353,24.78372899980668,0.079,4.261,7214.547
4.206035459750369,0.08169944705050253,24.77221979355154,0.079,4.261,7217.453
4.205898689646854,0.07782342812628065,24.775423074462076,0.079,4.261,7220.359
4.206229506806458,0.08049440161926663,24.777782530238696,0.079,4.261,7223.266
4.205830398371012,0.07831512196791685,24.78141021707831,0.079,4.261,7226.172
4.2060425754210815,0.08081827078042257,24.776442495214802,0.079,4.261,7229.094
4.206222571438088,0.07864431236576787,24.78048424575542,0.079,4.261,7232.0
4.206214003531992,0.07767150736689482,24.779109044207914,0.079,4.261,7234.906
4.206163449620816,0.08057230831480136,24.779249911831705,0.079,4.261,7237.812
4.2060780363678525,0.07813190724489524,24.775793350533615,0.079,4.261,7240.719
4.206088241389073,0.07877116760378705,24.777052939490076,0.079,4.261,7243.625
4.20599049937779,0.08062420408284379,24.773820557469314,0.079,4.261,7246.531
4.205974183274599,0.07869162158921436,24.769648680946027,0.079,4.261,7249.437
4.206120710899036,0.07812032922915513,24.780390046639567,0.079,4.261,7252.359
4.205689922379118,0.07730390777284295,24.77712784558993,0.079,4.261,7255.266
4.20608464774135,0.07909029214432801,24.786095740546834,0.079,4.261,7258.172
4.206140223757614,0.07899296125618818,24.76851080544743,0.079,4.261,7261.109
4.206450431936571,0.07482565398182893,24.770577439178474,0.079,4.261,7264.0
4.206133814156339,0.07948539150448354,24.77408981324127,0.079,4.261,7266.906
4.205965324165787,0.08078068044457248,24.771493504571765,0.079,4.261,7269.828
4.206346307166775,0.07969119992374724,24.767468472544902,0.079,4.261,7272.734
4.206553395125748,0.07819250100738827,24.77100441683575,0.079,4.261,7275.641
4.20539532535126,0.07276144567706382,24.76936438048737,0.069,4.256,7278.562
4.205215165410003,0.07061406893147122,24.765909768045763,0.069,4.256,7281.469
4.205355270942352,0.06108812108817389,24.76348174512011,0.069,4.256,7284.375
4.206028386288878,0.06634151444007357,24.765577945367987,0.069,4.256,7287.281
4.2054100819017,0.06443046477761064,24.76121267502658,0.069,4.256,7290.187
4.205466160406341,0.06941750989100291,24.760395976502473,0.069,4.256,7293.094
4.20550713324414,0.06595953930984153,24.7638479514799,0.069,4.256,7296.0
4.2053821538929395,0.07257579918059202,24.765751883013106,0.069,4.256,7298.906
4.205340659932097,0.065560543217516,24.764454618448664,0.069,4.256,7301.812
4.2054139290374435,0.07095219092519212,24.766820821261728,0.069,4.256,7304.719
4.205184716214148,0.07156443258955293,24.76224048064999,0.069,4.256,7307.625
4.205044142638682,0.06733692558633353,24.763272397920502,0.069,4.256,7310.562
4.205073164101435,0.07041477302979884,24.756011651648205,0.069,4.256,7313.469
4.205088768655689,0.07439008753747499,24.757568293727545,0.069,4.256,7316.375
4.205167752598084,0.06728983700887191,24.765765057133265,0.069,4.256,7319.281
4.205387871629697,0.06855031005826308,24.75916400721893,0.069,4.256,7322.187
4.204916561001636,0.07025119373086337,24.760033182161433,0.069,4.256,7325.094
4.205327738409739,0.07052592745464756,24.762929325984853,0.069,4.256,7328.0
4.2055280325673206,0.06203786215102837,24.760488030789357,0.069,4.256,7330.906
4.205412122394826,0.06745619924703851,24.76013975104617,0.069,4.256,7333.812
4.205465779479737,0.07021915242926095,24.76135652020738,0.069,4.256,7336.719
4.205134672117118,0.07008357805094358,24.7607081918659,0.069,4.256,7339.625
4.205157897653665,0.07344658208466456,24.759795816294112,0.069,4.256,7342.531
4.2054229870180055,0.07284754485189435,24.75842335964445,0.069,4.256,7345.453
4.205236874434588,0.07009511822705183,24.763794957653143,0.069,4.256,7348.359
4.2053912616707425,0.06896067262397332,24.755280601598287,0.069,4.256,7351.266
4.205699731469302,0.07132811476626175,24.746390333154256,0.069,4.256,7354.172
4.20544298517613,0.07240016020649537,24.744433181888276,0.069,4.256,7357.078
4.205163150457731,0.06871322806904974,24.740721346267947,0.069,4.256,7359.984
4.205239705459164,0.07023232514786677,24.746782536269922,0.069,4.256,7362.891
4.205330609031599,0.0692032167039665,24.749095290856204,0.069,4.256,7365.797
4.205195337272698,0.06773888834382207,24.751097584546383,0.069,4.256,7368.703
4.205234301709377,0.06875812043869839,24.748363285172893,0.069,4.256,7371.609
4.20548589787384,0.06983536331349254,24.754104981069673,0.069,4.256,7374.516
4.205394356999484,0.07110205017455394,24.75655789521376,0.069,4.256,7377.422
4.20549614026223,0.06820094223459056,24.754592514798347,0.069,4.256,7380.328
4.205442069237076,0.07077095721350865,24.749479934245567,0.069,4.256,7383.234
4.205341008103682,0.0699541680254244,24.743736185625718,0.069,4.256,7386.141
4.205119224359903,0.06939097400967785,24.747986674132207,0.069,4.256,7389.047
4.205289922764136,0.0711978088264831,24.739866560660957,0.069,4.256,7391.953
4.205618047569515,0.0709819530194113,24.747038245326646,0.069,4.256,7394.859
4.205647796448435,0.06862418295395072,24.745652809069256,0.069,4.256,7397.766
4.205367200797041,0.07050444426190669,24.74873575397792,0.068,4.256,7400.672
4.205631234036794,0.06790282997444252,24.753107308420738,0.069,4.256,7403.578
4.205730948200112,0.07206252740855691,24.748842292506524,0.068,4.256,7406.484
4.205398694389418,0.07138380408351105,24.74561311702672,0.069,4.256,7409.406
4.205609871695912,0.06942153617043434,24.748459959934266,0.069,4.256,7412.312
4.205646451085831,0.07058175386661136,24.74851614533018,0.069,4.256,7415.219
4.205503933958289,0.06833605347410204,24.744231541697477,0.069,4.256,7418.125
4.205517323450202,0.07127457607083362,24.74666947376121,0.068,4.256,7421.031
4.20556146455771,0.06920597226528284,24.75049770872645,0.069,4.256,7423.953
4.205329796985564,0.06945804024686693,24.748542907118477,0.068,4.256,7426.859
4.205536675562398,0.07009371833376571,24.743448036549964,0.069,4.256,7429.766
4.205463601506499,0.06910282410366544,24.747507148167774,0.068,4.256,7432.672
4.205698314105014,0.06939888498924415,24.74730969682621,0.069,4.256,7435.578
4.2055887192859736,0.07012191836207493,24.740752973670354,0.068,4.256,7438.484
4.205558231929558,0.06829129048651388,24.74187758120946,0.069,4.256,7441.406
4.205781811997851,0.06819830014143699,24.74222117762658,0.068,4.256,7444.312
4.205647486401783,0.06921139052337766,24.73184525142518,0.068,4.256,7447.219
4.205733726278784,0.06914206647926631,24.741568558044662,0.068,4.256,7450.125
4.205689326636381,0.06690266903958357,24.740115171879648,0.068,4.256,7453.031
4.205662817864052,0.06945645228944568,24.73610628032145,0.068,4.256,7455.937
4.205753884017849,0.07141091900360441,24.735958244197043,0.068,4.256,7458.844
4.20540989909399,0.06741758702490003,24.736833610510764,0.068,4.256,7461.75
4.2055705604729825,0.06978823129139514,24.740250914389932,0.068,4.256,7464.656
4.205426297812347,0.06785927064100623,24.73727201678328,0.068,4.256,7467.578
4.205707745528003,0.06759933483588884,24.73661363707655,0.068,4.256,7470.484
4.205677582830385,0.06882032199119012,24.735521688812366,0.068,4.256,7473.406
4.2059009756919785,0.0689030425313343,24.734810938434453,0.068,4.256,7476.312
4.205798703207778,0.06764446621014712,24.73198821148934,0.068,4.256,7479.219
4.205687400076239,0.06987381688937506,24.732366861770785,0.068,4.256,7482.125
4.205706034747791,0.06986310065178959,24.728487458825033,0.068,4.256,7485.031
4.205758599330068,0.07106775888001485,24.735301522565678,0.068,4.256,7487.953
4.2059049198265575,0.06951511885796795,24.732043677533895,0.068,4.256,7490.859
4.205778628985865,0.07080271398183714,24.73722094969915,0.068,4.256,7493.766
4.205658355752452,0.06905029373024119,24.734313636618953,0.068,4.256,7496.672
4.205747313627883,0.06896770172796535,24.73342968536661,0.068,4.256,7499.578
4.205749295846089,0.06889456649354894,24.738944529021932,0.068,4.256,7502.484
4.206043914119823,0.07089492175038936,24.732980514491654,0.068,4.256,7505.406
4.205829294996544,0.06653700832822584,24.741779649444442,0.068,4.256,7508.328
4.2056070393996,0.06775232233623932,24.72958514189315,0.068,4.256,7511.234
4.205764811300388,0.06956151336955041,24.734845562663295,0.068,4.256,7514.141
4.205893517642099,0.068032615869362,24.737509323303428,0.068,4.256,7517.062
4.2059335914331815,0.06954833249913994,24.733243759609618,0.068,4.256,7519.969
4.205816722566438,0.0695485233343411,24.72360111468646,0.068,4.256,7522.875
4.205758226697182,0.06727441852094973,24.724994878304933,0.068,4.256,7525.781
4.205802567297628,0.06841015875921413,24.73163995895977,0.068,4.256,7528.687
4.2057327311158215,0.06874538092926012,24.724123658910045,0.068,4.256,7531.594
4.205935197837875,0.06990333409245819,24.72253634139225,0.068,4.256,7534.5
4.205917827238492,0.06685268542092568,24.725014615251126,0.068,4.256,7537.422
4.205916467485201,0.06944800945146672,24.731941691705053,0.068,4.256,7540.328
4.206053653608913,0.06940317483321268,24.729187822333664,0.068,4.256,7543.234
4.205701892908921,0.0678421152468213,24.71747961465917,0.068,4.256,7546.156
4.205855584759147,0.06702913732106433,24.72677182018179,0.068,4.256,7549.062
4.205927369216705,0.06909601537996997,24.719101464642158,0.068,4.256,7551.969
4.20596329369837,0.06983980542659489,24.722893895758023,0.068,4.256,7554.875
4.206026335087309,0.06858946040976166,24.72561993365681,0.068,4.256,7557.781
4.206177422752916,0.0674495981420847,24.72260270866489,0.068,4.256,7560.687
4.205982781584661,0.0680437780293465,24.722454530893323,0.068,4.256,7563.594
4.205944511155677,0.06548129365602152,24.719523385378157,0.068,4.256,7566.5
4.205939726700038,0.06770659755102033,24.723953642407515,0.068,4.256,7569.437
4.205932445164507,0.06879331287556756,24.716670185915348,0.068,4.256,7572.344
4.206034647549788,0.06826747317214696,24.713839512696346,0.068,4.256,7575.25
4.206070348399348,0.06810603331175956,24.71679812040888,0.068,4.256,7578.172
4.2060238411383954,0.06922168913562493,24.72259649258487,0.068,4.256,7581.078
4.206334534698434,0.06656765609432422,24.721624802644502,0.068,4.256,7583.984
4.205929652156287,0.06944707766843553,24.727233380090894,0.068,4.256,7586.891
4.20613202104174,0.06699695639193672,24.717877755167986,0.068,4.256,7589.797
4.206186606144499,0.07119724532005473,24.725478872984763,0.068,4.256,7592.703
4.206144948761717,0.07085676408348975,24.72000058433428,0.068,4.256,7595.609
4.20606829419048,0.06736525819101506,24.72079476550057,0.068,4.256,7598.516
4.206185537381055,0.06783715225152087,24.71389738715729,0.068,4.256,7601.453
4.206131468987797,0.06848065052734802,24.719336279785008,0.066,4.256,7604.359
4.206264353167606,0.06649694333339845,24.71685766259489,0.068,4.256,7607.266
4.206349060917533,0.07211070320599187,24.718347571911526,0.068,4.256,7610.187
4.2062038487131215,0.07029318750805057,24.704544208802396,0.066,4.256,7613.094
4.205981838681608,0.06633027037073698,24.71917190325721,0.066,4.256,7616.0
4.20618004671629,0.0643884265371049,24.711233287578498,0.066,4.256,7618.906
4.206224489672049,0.06420013523912622,24.717638100877124,0.068,4.256,7621.812
4.206415886901096,0.06598180389164504,24.71575259394722,0.066,4.256,7624.719
4.206335392687903,0.06920629030032083,24.71716915511712,0.066,4.256,7627.625
4.206141103676393,0.06792182753356918,24.71814583609247,0.066,4.256,7630.531
4.2062144947818725,0.07066810686854734,24.71627016410399,0.066,4.256,7633.437
4.206314167427287,0.06848824359297462,24.711696332968305,0.066,4.256,7636.344
4.206169361194064,0.06900125406709631,24.71088000170245,0.066,4.256,7639.25
4.206146263492636,0.06642029146250997,24.714617985502997,0.066,4.256,7642.156
4.206273902269667,0.06856057229621818,24.717173993613397,0.066,4.256,7645.078
4.206308263796792,0.06671137546479924,24.71381291615487,0.066,4.256,7647.984
4.20639369396348,0.07002635325158303,24.70956708352071,0.066,4.256,7650.891
4.2060057972066955,0.06329489837827094,24.710541848912356,0.066,4.256,7653.797
4.206429589608977,0.06800828741616818,24.71600156705089,0.066,4.256,7656.719
4.206307663810736,0.06815088279564627,24.707702762435055,0.066,4.256,7659.625
4.206513545219321,0.06551609430583866,24.702583923898402,0.066,4.256,7662.531
4.206451081333631,0.06726916173118691,24.705118950830773,0.066,4.256,7665.437
4.20656360143878,0.06712949536435028,24.70380375338704,0.066,4.256,7668.344
4.205377590093005,0.05846188425581952,24.71032786451923,0.057,4.25,7671.281
4.205513729764099,0.05941250910315781,24.707083716079563,0.057,4.25,7674.187
4.205293926002202,0.054407370976204045,24.70560964370336,0.057,4.25,7677.094
4.20550075144456,0.05708397544913295,24.707206420402162,0.057,4.25,7680.0
4.2055270325282805,0.05760836430980825,24.705601129036634,0.058,4.25,7682.906
4.205516889575841,0.057293196063435116,24.70570749559104,0.057,4.25,7685.812
4.205646105107244,0.058596878579162744,24.709342642182392,0.057,4.25,7688.719
4.2054703587048685,0.059531488730079386,24.705951990792467,0.057,4.25,7691.625
4.205672166781055,0.056836074092692625,24.704814916611397,0.058,4.25,7694.531
4.20545329086634,0.060532168156139675,24.708436366728144,0.057,4.25,7697.437
4.205589261742788,0.058037733734561336,24.70561580617678,0.058,4.25,7700.344
4.205531194917049,0.06232448299545461,24.704132736395948,0.057,4.25,7703.281
4.20550686916188,0.06048723794797282,24.70920473084626,0.057,4.25,7706.187
4.20551573993102,0.05531237496849116,24.699664028854716,0.058,4.25,7709.078
4.205452717805345,0.05663765165256248,24.70179026189837,0.057,4.25,7711.984
4.2055945251948845,0.06105779269297465,24.70393651651113,0.057,4.25,7714.891
4.205366137516794,0.05651026310985943,24.708466086100152,0.057,4.25,7717.797
4.20558043908528,0.05756522049106213,24.709254373345267,0.058,4.25,7720.703
4.2053584252443095,0.056143211915555706,24.709259837038257,0.058,4.25,7723.609
4.205426349708954,0.05741309587409996,24.707464251110686,0.057,4.25,7726.516
4.205273704311557,0.05702588944105918,24.699687731117763,0.058,4.25,7729.422
4.205437754060245,0.057191337970979375,24.704283368232236,0.057,4.25,7732.328
4.205639018794922,0.060698667765254774,24.70406772117473,0.058,4.25,7735.234
4.205378474035345,0.057472661011165535,24.700322677267565,0.057,4.25,7738.156
4.205205499749095,0.05558458636529437,24.69821902418973,0.057,4.25,7741.062
4.205521088051339,0.05914661684068934,24.704863958341228,0.058,4.25,7743.969
4.205650750337915,0.06093631016021347,24.705200727905645,0.057,4.25,7746.875
4.2053589303284,0.05677043342407474,24.69372495918971,0.057,4.25,7749.781
4.2055899709374325,0.05571342118478464,24.697137286814243,0.058,4.25,7752.687
4.205751217093183,0.0605309047426298,24.69809041016055,0.057,4.25,7755.594
4.2054660702612745,0.05596646021735171,24.699989261900193,0.057,4.25,7758.5
4.205347290312553,0.056444260806035707,24.700743804678023,0.058,4.25,7761.406
4.205547284909564,0.059595667157480145,24.69564973405029,0.057,4.25,7764.312
4.205596141581675,0.05856914740421363,24.690603630767377,0.057,4.25,7767.219
4.205652041452977,0.05920463738882695,24.69523831295289,0.057,4.25,7770.141
4.205369445878591,0.05444101376452534,24.691805430471074,0.057,4.25,7773.047
4.2053863240499805,0.05905699006356484,24.69359280171634,0.057,4.25,7775.953
4.205541218672413,0.057435321104278965,24.692292629264568,0.057,4.25,7778.859
4.205404222857842,0.061420573231449796,24.691320965747924,0.057,4.25,7781.766
4.205542541357634,0.056271232995107154,24.701392741310443,0.057,4.25,7784.672
4.20558265944775,0.058684533791867916,24.694236731157893,0.057,4.25,7787.578
4.205332661190512,0.05911811993053801,24.688113788217468,0.057,4.25,7790.484
4.2055257806190935,0.057610183730646344,24.699004239677848,0.057,4.25,7793.391
4.205455036125786,0.05878249788349638,24.698020068838105,0.057,4.25,7796.297
4.2055156432054215,0.05988942070294526,24.695370315160762,0.057,4.25,7799.203
4.20564763966584,0.058005401647120695,24.68507405165949,0.057,4.25,7802.125
4.205661591616362,0.056615086011635306,24.69003482783297,0.057,4.25,7805.031
4.205351106843871,0.059312886365279864,24.689026333756512,0.057,4.25,7807.937
4.205597517842734,0.05489271783594635,24.683501676831675,0.057,4.25,7810.844
4.2057864080346885,0.05882718230037771,24.6843001969319,0.057,4.25,7813.75
4.205647207637324,0.057637600641868895,24.687758504025332,0.057,4.25,7816.656
4.20561445770669,0.05842137471462542,24.684246425064497,0.057,4.25,7819.562
4.205611256301671,0.059282979760122416,24.676470256759274,0.057,4.25,7822.469
4.2057281610055455,0.06110090463934904,24.68631417951316,0.057,4.25,7825.375
4.205578146806014,0.05765639418170706,24.686668894834288,0.057,4.25,7828.281
4.205633135740805,0.05759937049842694,24.67825224097467,0.057,4.25,7831.187
4.205701841570468,0.05699927231382059,24.67799996497699,0.057,4.25,7834.109
4.205718075072006,0.05604156613105004,24.68972206875105,0.057,4.25,7837.016
4.2056779191123335,0.05656248747433442,24.686888174919577,0.057,4.25,7839.922
4.205568984144292,0.05892804372305714,24.680905344206753,0.057,4.25,7842.828
4.205690623202528,0.05753466027552501,24.681824836021978,0.057,4.25,7845.734
4.2054716243194825,0.059481337163658096,24.68200710698282,0.057,4.25,7848.641
4.20569592752132,0.057917660926647144,24.681259600356512,0.057,4.25,7851.547
4.205815223858718,0.05751380373263757,24.67463039080849,0.057,4.25,7854.453
4.205814027180534,0.06080136384025786,24.679145814023496,0.057,4.25,7857.359
4.205725520633151,0.05630140979107763,24.676878423161256,0.057,4.25,7860.266
4.2054558026841,0.055107002432126316,24.68896036992195,0.057,4.25,7863.172
4.205597237857573,0.05679241521853574,24.681376638370452,0.057,4.25,7866.094
4.205825560179618,0.058877477785852464,24.67297281040824,0.057,4.25,7869.0
4.205594149762395,0.05742168185485176,24.676214722155013,0.057,4.25,7871.906
4.2057433621193345,0.05657229038213584,24.67716415010123,0.057,4.25,7874.812
4.205761540255864,0.06012570459767886,24.680040443166796,0.057,4.25,7877.719
4.2057395972515,0.058721897067704525,24.681303735327297,0.057,4.25,7880.625
4.205691914511511,0.05853736346639713,24.684589501677184,0.057,4.25,7883.531
4.205720049215338,0.06143566294596958,24.68260287410365,0.057,4.25,7886.437
4.205931979127878,0.058879039321723226,24.6784274832012,0.057,4.25,7889.344
4.205884702780869,0.0569079859468501,24.680197435872316,0.057,4.25,7892.25
4.205729882476824,0.05417535929887555,24.67607303288905,0.057,4.25,7895.156
4.205778551392687,0.05766269530352885,24.685974909064875,0.057,4.25,7898.078
4.205871495669779,0.05573772348861839,24.683024256949405,0.057,4.25,7900.984
4.205826274246999,0.05488891933978081,24.683319573036734,0.057,4.25,7903.891
4.20574320071973,0.05931247702087402,24.681935491211348,0.057,4.25,7906.797
4.205981878486332,0.058226184191076245,24.67606962580287,0.057,4.25,7909.703
4.205984094710048,0.06050831236581004,24.671789173644978,0.057,4.25,7912.625
4.205990461779598,0.056261207772999075,24.67916733655388,0.057,4.25,7915.531
4.205684715082823,0.056201313548228944,24.679414193361648,0.057,4.25,7918.437
4.205835128027717,0.05852034080478142,24.67161427926019,0.057,4.25,7921.344
4.205775877029562,0.056575128715594766,24.669210138278274,0.057,4.25,7924.25
4.206057366864951,0.05627164218998198,24.670685617664915,0.057,4.25,7927.156
4.205884689307138,0.05523272263524077,24.668999913564587,0.057,4.25,7930.078
4.205876041662081,0.05888361714418428,24.66807061716941,0.057,4.25,7932.969
4.206100268632448,0.05868101263387443,24.667791026917666,0.057,4.25,7935.875
4.206067648491963,0.05797184110770837,24.66945886433258,0.057,4.25,7938.781
4.20586497676237,0.056340138614453944,24.66173852148106,0.057,4.25,7941.687
4.205818229146145,0.059183892392211584,24.660790213509898,0.057,4.25,7944.594
4.206110973998785,0.059455543013946115,24.656225824269757,0.055,4.25,7947.5
4.206109859792112,0.05509537831324291,24.66349468888159,0.057,4.25,7950.406
4.20600607038674,0.05619164139038175,24.655891791720595,0.057,4.25,7953.312
4.205957379646631,0.06020807301805721,24.657163392890904,0.057,4.25,7956.219
4.205985731374692,0.05986080549149228,24.658291136694164,0.057,4.25,7959.125
4.2058715404231295,0.05830003237023234,24.66295789191159,0.057,4.25,7962.062
4.206104460010114,0.05733701301457815,24.660374799499653,0.057,4.25,7964.969
4.205923328701304,0.054871647856414664,24.666477642128598,0.055,4.25,7967.859
4.205971433684044,0.05357688958029832,24.664746724437975,0.057,4.25,7970.766
4.20623239787774,0.05873706489117851,24.672277412969336,0.055,4.25,7973.672
4.2057970231631145,0.058262578140126954,24.668082710418904,0.057,4.25,7976.578
4.205803713800292,0.05829581208519925,24.65962974302375,0.057,4.25,7979.484
4.206086362710701,0.06033021691871589,24.66259357390618,0.057,4.25,7982.391
4.206212380200925,0.05415326171860552,24.65719729000802,0.055,4.25,7985.297
4.206099904271668,0.05332586251660558,24.663274926078795,0.055,4.25,7988.203
4.206049092731534,0.0572501176500695,24.66048524040768,0.055,4.25,7991.094
4.206241165535053,0.05573048301419166,24.660019036574994,0.055,4.25,7994.031
4.206220879812328,0.05809453923709834,24.657784995601414,0.055,4.25,7996.937
4.206111092670024,0.05648089697481979,24.658748335357302,0.055,4.25,7999.844
4.206141736663134,0.05990157918081628,24.666872445073242,0.055,4.25,8002.75
4.206178509564106,0.054854497220325066,24.66623386342603,0.055,4.25,8005.656
4.20624958714998,0.05773765344662246,24.665528827427302,0.055,4.25,8008.562
4.206225056943345,0.055318106464678905,24.657155372835028,0.055,4.25,8011.453
4.206179530434197,0.05732645649598625,24.653647505499404,0.055,4.25,8014.359
4.206209082904288,0.05523315546093899,24.665932175569043,0.055,4.25,8017.266
4.206180011802269,0.05820018805042267,24.65726542680399,0.055,4.25,8020.172
4.206165476270885,0.0571464882938694,24.6534819821076,0.055,4.25,8023.078
4.206229125586829,0.05603522027821971,24.65087889079586,0.055,4.25,8025.984
4.206236427015609,0.05596312524335522,24.654184273684244,0.055,4.25,8028.906
4.206008877787629,0.05659688098587829,24.64837211357963,0.055,4.25,8031.812
4.206238609589513,0.05423547935989047,24.651107293134277,0.055,4.25,8034.703
4.206153712893056,0.056489752215556396,24.65712445378456,0.055,4.25,8037.609
4.206347345777969,0.056336915669409106,24.659637951489213,0.055,4.25,8040.516
4.20613036994419,0.0558419976705462,24.657218127896634,0.055,4.25,8043.453
4.206367492408755,0.0559512920509293,24.658099335133805,0.055,4.25,8046.437
4.206267431183179,0.05654779303609196,24.658492760612077,0.055,4.25,8049.406
4.206277013216205,0.05593761966041155,24.651203109141743,0.055,4.25,8052.375
4.206381860746486,0.056365823021843356,24.65241647108375,0.055,4.25,8055.297
4.20608739633856,0.05433189731612804,24.658750658897365,0.055,4.25,8058.203
4.206168780805256,0.05852865934538792,24.65577262056701,0.055,4.25,8061.141
4.206610018879511,0.05529488205950338,24.651573502812724,0.055,4.25,8064.062
4.205481999963912,0.044068753069138426,24.652971435125455,0.046,4.245,8067.0
4.205329803564563,0.04615641844795503,24.65062368346837,0.046,4.245,8069.922
4.205437890839749,0.04770381582709168,24.647681067434636,0.046,4.245,8072.844
4.205537639780425,0.048983234478853395,24.66101212476955,0.046,4.245,8075.766
4.205470435630574,0.04639865156019559,24.649257940027006,0.046,4.245,8078.687
4.20552749671388,0.049333301369068286,24.654102439723204,0.046,4.245,8081.609
4.205280806604197,0.048980805275492284,24.649405820354616,0.046,4.245,8084.531
4.205323587152151,0.04628846909160053,24.644975993480035,0.046,4.245,8087.453
4.205525370633722,0.04744225741574304,24.650511053070378,0.046,4.245,8090.375
4.205203466626992,0.049388187450252835,24.652234654466852,0.046,4.245,8093.297
4.20528701629104,0.04597494940014929,24.654022920681037,0.046,4.245,8096.219
4.205351287801649,0.04450079172731223,24.648576055170867,0.046,4.245,8099.156
4.205459000615866,0.04983442593456982,24.649092682943653,0.046,4.245,8102.078
4.205545816013552,0.047643921001025456,24.644883332172558,0.046,4.245,8105.0
4.205456820649695,0.04547066690216733,24.643445413476726,0.046,4.245,8107.922
4.2054199376350105,0.04724928900413688,24.64175235909241,0.046,4.245,8110.844
4.205641342607986,0.04522350905993142,24.641868595017428,0.046,4.245,8113.766
4.205547203564357,0.04947592430475073,24.647224561582043,0.046,4.245,8116.687
4.205454652831542,0.04550126646456527,24.646656929660487,0.046,4.245,8119.594
4.205133757285304,0.046828868262291906,24.63995793289108,0.046,4.245,8122.516
4.205388379043551,0.04474685192888686,24.643346200543327,0.046,4.245,8125.437
4.2054585423844655,0.04677224487559583,24.64735332943662,0.046,4.245,8128.359
4.205193654866831,0.047956141483931215,24.64563790046172,0.046,4.245,8131.281
4.20553565033249,0.051024910092598554,24.64843633098076,0.046,4.245,8134.219
4.205306115741521,0.045808283064796826,24.64493949985398,0.046,4.245,8137.141
4.205414752069083,0.045726315240407295,24.638462429422937,0.046,4.245,8140.062
4.205213545260607,0.047989291960007494,24.64089777958559,0.046,4.245,8142.984
4.205349273724142,0.0463540110405827,24.641183771499858,0.046,4.245,8145.906
4.205329722074629,0.04742032542331968,24.64153888660212,0.046,4.245,8148.828
4.20517593135017,0.047618367136068596,24.643588239879993,0.046,4.245,8151.734
4.205302291355367,0.047810916446440734,24.6354216271838,0.046,4.245,8154.672
4.205402959985269,0.04846740702953507,24.63740001804218,0.046,4.245,8157.594
4.205324182992958,0.04436621026853628,24.634981759220473,0.046,4.245,8160.516
4.205547288259851,0.04590215692070669,24.641289072316074,0.046,4.245,8163.422
4.205357882490539,0.04906089556620726,24.640774668855546,0.046,4.245,8166.375
4.205197674250362,0.04555548466843276,24.640234753025318,0.046,4.245,8169.297
4.205430413457122,0.04745166338965258,24.639596267001362,0.046,4.245,8172.219
4.205371820759325,0.04865053946589526,24.641872691607272,0.046,4.245,8175.125
4.205428209102596,0.045687412480255686,24.63743269238508,0.046,4.245,8178.047
4.205305324198593,0.04834251828373614,24.64026408412311,0.046,4.245,8180.969
4.20522719552156,0.05068173438724015,24.634463691924044,0.046,4.245,8183.891
4.205229125499781,0.04821496669083597,24.64113996595053,0.046,4.245,8186.812
4.205165446131353,0.04862534462034262,24.63932106602635,0.046,4.245,8189.734
4.205166010499034,0.04718410557916821,24.64646345154564,0.046,4.245,8192.656
4.205379955589535,0.04871418006494387,24.639572221072974,0.046,4.245,8195.578
4.205301592600772,0.047758422950442574,24.629658208165644,0.046,4.245,8198.516
4.205635438021238,0.045873935250070566,24.637791724307984,0.046,4.245,8201.453
4.205424557416516,0.0472307831672814,24.629085643170505,0.046,4.245,8204.359
4.205499374791986,0.04745688177783122,24.624184630494124,0.046,4.245,8207.266
4.205523389249109,0.048082944852967296,24.635426742128548,0.046,4.245,8210.172
4.205563636381539,0.04601367309175573,24.630083790472728,0.046,4.245,8213.078
4.20543740046408,0.04846264468187999,24.626524068774003,0.046,4.245,8215.984
4.205587978242299,0.04992736923151313,24.637386652661228,0.046,4.245,8218.891
4.205621353887367,0.046430184789303906,24.634668315192233,0.046,4.245,8221.797
4.205420038149906,0.047124520604407145,24.63073126641267,0.046,4.245,8224.703
4.205459062088482,0.04675921307017924,24.62523451609056,0.046,4.245,8227.625
4.205317364601011,0.042444892074825144,24.625077979457036,0.046,4.245,8230.531
4.205413286217252,0.04794446243995019,24.626378698160323,0.046,4.245,8233.437
4.205366920567301,0.046880068711867846,24.620992996812756,0.046,4.245,8236.359
4.2053758749995795,0.04764385075947281,24.62497621792563,0.046,4.245,8239.266
4.205348778779966,0.04892378631633871,24.62553258089193,0.046,4.245,8242.172
4.205551271412112,0.04579689542557484,24.616115643339434,0.046,4.245,8245.078
4.205555580065508,0.04896577831474303,24.62919699194576,0.046,4.245,8247.984
4.205462216542626,0.048376765124032314,24.62539826182797,0.046,4.245,8250.891
4.205510259020925,0.047193858861314136,24.61961783706282,0.046,4.245,8253.797
4.205624017818581,0.04626435386864393,24.628904410791336,0.046,4.245,8256.703
4.2054403173998,0.04655802678752805,24.635399182995666,0.046,4.245,8259.609
4.2055954369870845,0.045914125190721404,24.631160612352286,0.046,4.245,8262.531
4.205586130887807,0.0461802342138492,24.632392031401295,0.046,4.245,8265.437
4.205591789696602,0.05051897764420033,24.632318899001096,0.046,4.245,8268.344
4.205576207029663,0.046453316747995084,24.626689980074726,0.046,4.245,8271.25
4.205272831131362,0.04725157083171586,24.622684163061898,0.046,4.245,8274.156
4.205557379186541,0.04834260366298379,24.619554967178196,0.046,4.245,8277.062
4.205556359146646,0.04650263625768856,24.622836313595265,0.046,4.245,8279.969
4.205519146375803,0.04951500131953957,24.620556640021604,0.046,4.245,8282.875
4.205441634192288,0.04874439092169789,24.623803124015012,0.046,4.245,8285.797
4.205426211308284,0.04634416731083701,24.625181992295673,0.046,4.245,8288.703
4.205597944468409,0.04508132356462963,24.63511972406148,0.046,4.245,8291.609
4.205745674017441,0.04574754972638352,24.622097428360565,0.046,4.245,8294.531
4.205645362354956,0.04599688447428811,24.629069848496897,0.046,4.245,8297.437
4.205454152963614,0.046542851464192604,24.623300333386755,0.046,4.245,8300.344
4.205573294732262,0.04703524336339824,24.61855658663714,0.046,4.245,8303.25
4.205411193061576,0.04890945090150789,24.614202476730735,0.046,4.245,8306.156
4.205522464748975,0.04474664506640441,24.61439568120426,0.046,4.245,8309.062
4.205729698678289,0.04736951537399586,24.611777626881953,0.046,4.245,8311.969
4.205443953547186,0.04637413096346824,24.62052783712841,0.046,4.245,8314.875
4.205600395148984,0.045960741042500655,24.62071686945575,0.046,4.245,8317.781
4.205616549922156,0.04712948289577476,24.61542100847188,0.046,4.245,8320.687
4.205893405373913,0.04576735547560317,24.617383752896146,0.046,4.245,8323.594
4.205597980815375,0.046954481329465905,24.626267154551144,0.046,4.245,8326.516
4.2056728118751865,0.04415742998466081,24.6146734485679,0.046,4.245,8329.422
4.205256235553681,0.04837621505338069,24.611988883461933,0.046,4.245,8332.328
4.205468476219184,0.04721513961232677,24.609989580600743,0.046,4.245,8335.234
4.20545021405514,0.0490984054933513,24.614130936536114,0.046,4.245,8338.141
4.205793512149748,0.04482061941032007,24.608750682753175,0.046,4.245,8341.047
4.205577114108919,0.04983060282045989,24.60835937843542,0.046,4.245,8343.969
4.205674531724989,0.044201820289014745,24.605394672310265,0.046,4.245,8346.875
4.205665137564551,0.046001606704734306,24.60769568340826,0.046,4.245,8349.781
4.205840267938859,0.04328527364107577,24.61447577932176,0.046,4.245,8352.687
4.205976039868726,0.0456267706416165,24.611632653252016,0.046,4.245,8355.594
4.205894473779339,0.045921845135640404,24.612167163699453,0.046,4.245,8358.531
4.205857980875644,0.043391916382539135,24.612482840152083,0.046,4.245,8361.453
4.205651580302934,0.04677938794280465,24.618461063140007,0.046,4.245,8364.359
4.205679374660494,0.04693373526285103,24.619405424192497,0.046,4.245,8367.266
4.20577409949262,0.04744079196477492,24.60759955332287,0.046,4.245,8370.172
4.205848524794821,0.04432652921427192,24.60641823578781,0.046,4.245,8373.078
4.205817597579338,0.04688603624326708,24.602164127873237,0.046,4.245,8375.984
4.2054904120564345,0.044882612262982256,24.605918104907396,0.046,4.245,8378.891
4.205857434634945,0.047368549560285876,24.60830171603528,0.046,4.245,8381.797
4.205674351033953,0.04509305212943173,24.60875142705434,0.046,4.245,8384.703
4.205560511870993,0.046988391953734755,24.603543255173232,0.046,4.245,8387.609
4.205878048963334,0.04905972875510975,24.610692181598772,0.046,4.245,8390.547
4.205714844294795,0.0459661225996826,24.609625172998474,0.046,4.245,8393.453
4.205781827234692,0.04491906953006424,24.61116166422548,0.046,4.245,8396.359
4.20588065958982,0.04214079884629213,24.60694069223524,0.046,4.245,8399.266
4.205682616926164,0.04578340219335236,24.606106875256064,0.046,4.245,8402.172
4.20595228626887,0.04443581583587213,24.6010183986271,0.046,4.245,8405.078
4.205739523612044,0.046716119281451536,24.6106350239471,0.046,4.245,8407.984
4.205922936317973,0.045213989155604706,24.60800972353244,0.046,4.245,8410.891
4.205969270541809,0.04482919260936454,24.606504225544086,0.046,4.245,8413.797
4.205747332272727,0.04588862443651784,24.60311013663169,0.046,4.245,8416.703
4.205773343469091,0.0457431354375441,24.600141790007278,0.046,4.245,8419.609
4.20589055427743,0.04798820930431024,24.601275222358492,0.046,4.245,8422.516
4.2059365897786005,0.045748733688241484,24.59980764423243,0.046,4.245,8425.422
4.206020232628029,0.048410401703754984,24.592756002099886,0.046,4.245,8428.328
4.205598394090903,0.04630237470675325,24.596377864409476,0.046,4.245,8431.25
4.205774146479692,0.045654203026982344,24.59398210426974,0.045,4.245,8434.156
4.205763332083794,0.04601666062553697,24.60263071423097,0.046,4.245,8437.062
4.205674040230979,0.04836459584542606,24.592250110916993,0.045,4.245,8439.969
4.205964708995292,0.04529659031104333,24.594514578235202,0.046,4.245,8442.891
4.206075351065205,0.046255156727765076,24.59467010573228,0.045,4.245,8445.797
4.205877458861384,0.04479058357158448,24.598150193462942,0.045,4.245,8448.703
4.205737908600849,0.04779723949936506,24.595817318182625,0.046,4.245,8451.609
4.205927828932743,0.044901636213580905,24.599411768540186,0.046,4.245,8454.516
4.205970284978538,0.04519604672165789,24.599017033656438,0.045,4.245,8457.422
4.2060077609141375,0.04372443023488223,24.599877784327102,0.046,4.245,8460.344
4.20595253459337,0.048002295132380364,24.596895220803717,0.045,4.245,8463.25
4.205897359757466,0.04188905987939159,24.58783655763731,0.045,4.245,8466.156
4.205752294723934,0.04591829358386474,24.58718090279902,0.045,4.245,8469.062
4.20606666141668,0.04612221388844037,24.588701354708363,0.045,4.245,8471.969
4.206154182921801,0.046231553177498635,24.590374512311264,0.046,4.245,8474.875
4.205884955305231,0.043539975606685204,24.592497023888765,0.045,4.245,8477.781
4.206155410970101,0.04222412774236388,24.592101725076308,0.045,4.245,8480.687
4.205934827991067,0.045867029039514375,24.598273444369266,0.046,4.245,8483.594
4.205986854125126,0.046804412797072134,24.598036323525356,0.045,4.245,8486.5
4.206043979871547,0.045767566295556054,24.592357142816653,0.045,4.245,8489.422
4.2061172720681945,0.05207278788115531,24.59475531241751,0.045,4.245,8492.328
4.206001784382567,0.048950707173156,24.59746874989723,0.045,4.245,8495.234
4.205987602205109,0.0463807322239504,24.592146029303517,0.045,4.245,8498.141
4.205970863796459,0.044334964445097345,24.594546720514565,0.045,4.245,8501.047
4.2061033899357625,0.0492157705265356,24.596855530680788,0.045,4.245,8503.953
4.205920746920776,0.04677844049830016,24.594291824315718,0.045,4.245,8506.875
4.2062083079691375,0.04700178566125344,24.59175756465007,0.045,4.245,8509.781
4.205923217677584,0.04569322316019705,24.599242387455966,0.045,4.245,8512.687
4.205935402139418,0.04472798612714994,24.601124564255045,0.045,4.245,8515.594
4.2060605196336995,0.046418947422984476,24.592580100428076,0.045,4.245,8518.5
4.205931891623307,0.04508160358184312,24.59958957447106,0.045,4.245,8521.406
4.206168816868972,0.045480483355362214,24.59467712720656,0.045,4.245,8524.312
4.206110211086174,0.04638273381671662,24.59763945847697,0.045,4.245,8527.219
4.206304186208429,0.04662882866821331,24.600694826429674,0.045,4.245,8530.141
4.206190258760106,0.0474887905880412,24.597615673403574,0.045,4.245,8533.047
4.206219937618368,0.047444152111400094,24.601378003101765,0.045,4.245,8535.953
4.206208785290518,0.045553148852191756,24.593469423845065,0.045,4.245,8538.859
4.206117012331641,0.04601029790278743,24.58959172035651,0.045,4.245,8541.766
4.2060957500192355,0.04546142145653543,24.587480434330857,0.045,4.245,8544.672
4.206101637656214,0.044538344613432077,24.592471303069516,0.045,4.245,8547.594
4.206071472205331,0.04642026386377906,24.581811441698076,0.045,4.245,8550.5
4.206193070779744,0.045602349325745535,24.580677668364924,0.045,4.245,8553.422
4.206282105866494,0.044709627317259054,24.586424872149212,0.045,4.245,8556.328
4.2061003564987045,0.04501938250310054,24.585498450822257,0.045,4.245,8559.234
4.206128580592367,0.0495063742620305,24.580607529593202,0.045,4.245,8562.141
4.2061866291883705,0.04546315676693166,24.575819581084957,0.045,4.245,8565.047
4.206174257509196,0.044937252283702614,24.584069735285496,0.045,4.245,8567.953
4.205967803667803,0.04412829024587827,24.580494749405542,0.045,4.245,8570.859
4.206265093438938,0.045365869996743316,24.58684046647645,0.045,4.245,8573.781
4.206414969825015,0.045250990697149614,24.584353512077833,0.045,4.245,8576.703
4.206102769916519,0.04512558836792721,24.573166306620948,0.045,4.245,8579.609
4.205987497080837,0.04679470955592829,24.577289989181537,0.045,4.245,8582.516
4.2063266564419655,0.046604457125156165,24.571540092042827,0.045,4.245,8585.422
4.206236666235791,0.046755549626030894,24.57687665919694,0.045,4.245,8588.344
4.206251558154673,0.044812271650897566,24.573425966070335,0.045,4.245,8591.25
4.20632776965798,0.047107448316191826,24.573028805508294,0.045,4.245,8594.156
4.2062067438665975,0.042892021546680446,24.575683257097477,0.045,4.245,8597.062
4.2064004403864566,0.0452050546939858,24.57516000713968,0.045,4.245,8599.969
4.206388284866992,0.04559770138461417,24.579104230027998,0.045,4.245,8602.875
4.2062547768049985,0.04749001713393704,24.574086919773237,0.045,4.245,8605.781
4.206237299070755,0.0478454850551453,24.58416420294671,0.045,4.245,8608.687
4.206460076610016,0.047010713982678524,24.58100777367488,0.045,4.245,8611.594
4.206436485552892,0.044662991680446455,24.58001588899713,0.045,4.245,8614.5
4.206009818901132,0.04340142660139406,24.582917220836798,0.045,4.245,8617.422
4.20646041121003,0.04373346202956828,24.572101103232946,0.045,4.245,8620.328
4.2063026838596,0.04661883195068859,24.585202531421743,0.045,4.245,8623.25
4.206378026542637,0.046846527963535445,24.5840624524085,0.045,4.245,8626.156
4.206321657339572,0.043759119949643065,24.57731305566219,0.045,4.245,8629.062
4.206434729465047,0.04269902065811448,24.58522136162718,0.045,4.245,8631.969
4.2063737574272775,0.04513849659520205,24.58189913898372,0.045,4.245,8634.875
4.206355937714488,0.04232464559710572,24.579145575770067,0.045,4.245,8637.781
4.206695887407517,0.045646718064293705,24.58297752261612,0.045,4.245,8640.687
4.205565973551734,0.03504895433784529,24.58103980233766,0.034,4.24,8643.625
4.2056310578252925,0.032717702335806356,24.582102000585405,0.034,4.24,8646.531
4.20541956066301,0.03217835914537747,24.57696432137728,0.034,4.24,8649.484
4.205463554058221,0.03618244188377531,24.577090679918737,0.035,4.24,8652.453
4.205648281068002,0.034942741079616785,24.579445112268267,0.035,4.24,8655.453
4.205593405748958,0.03210265346827361,24.584609760365804,0.035,4.24,8658.484
4.20559996822559,0.03733688478396473,24.583031806172755,0.035,4.24,8661.453
4.205168026923416,0.03666791838883293,24.573975398429475,0.034,4.24,8664.469
4.205279084925197,0.035958246151286996,24.577060718671895,0.035,4.24,8667.437
4.205336428892142,0.036661947084314236,24.582920786152695,0.035,4.24,8670.359
4.205281560407635,0.0349405245305523,24.585927011800273,0.034,4.24,8673.266
4.20534172651421,0.03755801056683873,24.58268372977754,0.035,4.24,8676.172
4.205388669869016,0.03512090973850485,24.58299970724282,0.035,4.24,8679.078
4.205304035894814,0.034867734911737794,24.57803608998159,0.035,4.24,8681.969
4.205386568464334,0.034770484022135374,24.574121027740613,0.035,4.24,8684.891
4.205216383946641,0.03521539963333172,24.569635355892196,0.035,4.24,8687.797
4.205279131460058,0.031324869765636656,24.57545024141934,0.035,4.24,8690.687
4.205461766406872,0.036161368219552285,24.57697277683256,0.035,4.24,8693.594
4.205352506331605,0.03375194555968542,24.5712506284895,0.035,4.24,8696.5
4.20531947985202,0.03531621652200188,24.57415609951608,0.035,4.24,8699.406
4.205249422463131,0.035950407418912575,24.567768316942356,0.035,4.24,8702.328
4.205385800099517,0.03398109199116068,24.566225543759046,0.035,4.24,8705.219
4.205382018908794,0.03763455921670661,24.575504799206072,0.035,4.24,8708.125
4.205099802613618,0.03705176467783763,24.576950763614697,0.035,4.24,8711.031
4.205427297025664,0.03662157104235726,24.566258817400023,0.035,4.24,8713.937
4.2052120828386865,0.03713494429498013,24.575781002639907,0.035,4.24,8716.844
4.2050613112178565,0.03628219717022632,24.573264657188574,0.035,4.24,8719.75
4.205171053297116,0.037343212649197044,24.5739241845194,0.035,4.24,8722.656
4.205363791858167,0.03577752505005876,24.570420240687472,0.035,4.24,8725.547
4.20537056882737,0.0395047627433997,24.566321449050687,0.035,4.24,8728.453
4.205253651588938,0.036157585291666,24.577082452663973,0.035,4.24,8731.359
4.205115372693254,0.03460316699374462,24.575438940260742,0.035,4.24,8734.281
4.205485997647758,0.034828688616142134,24.570844610977492,0.035,4.24,8737.187
4.2052681152889315,0.03217162583089663,24.58079775575708,0.035,4.24,8740.094
4.2051144239329945,0.03640521888179904,24.575893121850342,0.035,4.24,8742.984
4.205225943745506,0.03283751993149747,24.57137958790373,0.035,4.24,8745.891
4.205128788452648,0.03842567603772337,24.575031875384127,0.035,4.24,8748.797
4.205467015144516,0.03407872962579653,24.565428252228937,0.035,4.24,8751.703
4.205481379140712,0.03406378741015159,24.569530668614597,0.035,4.24,8754.609
4.205252504558436,0.03315341861734082,24.56490088123373,0.035,4.24,8757.516
4.2056037481057285,0.0377453052985151,24.57164421490196,0.035,4.24,8760.422
4.205261521322869,0.03372510763621201,24.570735527162626,0.035,4.24,8763.312
4.204995597466917,0.03817362230437184,24.579961245303235,0.035,4.24,8766.234
4.205298152793816,0.03341092081895162,24.572582072704225,0.035,4.24,8769.141
4.20526661140054,0.03577916059030082,24.573328647661967,0.035,4.24,8772.047
4.205221316101707,0.03409336328793473,24.575856980754654,0.035,4.24,8774.953
4.205019835275809,0.03612081386222305,24.570981899877886,0.035,4.24,8777.859
4.205143363431452,0.035915793755778525,24.57638788921868,0.035,4.24,8780.75
4.2053301136177925,0.03705857738028331,24.567967565536065,0.035,4.24,8783.656
4.205297281010281,0.03887361354985244,24.566983973572956,0.035,4.24,8786.562
4.205210812602897,0.032516591096900783,24.575050694367548,0.035,4.24,8789.469
4.205571116407275,0.035383199635565236,24.566314168422764,0.035,4.24,8792.375
4.205213897146624,0.03794303366549076,24.568084254356343,0.035,4.24,8795.281
4.205429528570401,0.034161562359652224,24.56771463503041,0.035,4.24,8798.187
4.205542457694714,0.03616427583178591,24.56802684739076,0.035,4.24,8801.094
4.205411114798464,0.03401108013038819,24.56852268099012,0.035,4.24,8804.0
4.205329596492018,0.03489648225808375,24.56891352122478,0.035,4.24,8806.906
4.2052607411113785,0.038265291430803594,24.569081427103594,0.035,4.24,8809.812
4.205524607269589,0.036984669331700554,24.563479530021734,0.035,4.24,8812.719
4.205181161269946,0.034209494875161416,24.57017759966678,0.035,4.24,8815.609
4.205467196629129,0.03722208083628287,24.56182631979286,0.035,4.24,8818.516
4.205218289852334,0.03495808538511005,24.562254626789056,0.035,4.24,8821.422
4.2053854295083815,0.03618908781728468,24.565195971305645,0.035,4.24,8824.328
4.20529202888444,0.03744480551315207,24.561290910286754,0.035,4.24,8827.234
4.205370768753765,0.03477143260012446,24.565794427085173,0.035,4.24,8830.156
4.205247871434424,0.03681781477849329,24.565576983472727,0.035,4.24,8833.047
4.205509944207477,0.033073564911558065,24.57027608225554,0.035,4.24,8835.953
4.205449912954763,0.03559260455148566,24.56095505135272,0.035,4.24,8838.859
4.2054131331977755,0.03784549053003527,24.568259452279385,0.035,4.24,8841.781
4.205325291174865,0.038320008306382915,24.57218999473062,0.035,4.24,8844.687
4.20522256712412,0.0368519171730484,24.565964189041683,0.035,4.24,8847.578
4.205390504592917,0.03438752525119723,24.56884407981167,0.035,4.24,8850.547
4.205351888663762,0.03683837779175234,24.558505538760077,0.035,4.24,8853.453
4.205420508805478,0.03615408247255336,24.56465456460023,0.035,4.24,8856.422
4.205439076338967,0.03390608065125679,24.560636860195814,0.035,4.24,8859.375
4.205616821547469,0.034426145883705114,24.578648997757334,0.035,4.24,8862.297
4.2052856227395266,0.037761886033158346,24.571803033820853,0.035,4.24,8865.266
4.2053210450747045,0.03716442198377761,24.56887363067032,0.035,4.24,8868.234
4.2053097491584595,0.038285444944017845,24.566459905148996,0.035,4.24,8871.266
4.205338821215721,0.03652174718543967,24.562294182889286,0.035,4.24,8874.203
4.205440965197966,0.03460209306276067,24.564559709765604,0.035,4.24,8877.219
4.205588557338124,0.03809564303668548,24.563569962458555,0.035,4.24,8880.219
4.205304409921883,0.03452743598630353,24.558965654979108,0.035,4.24,8883.234
4.2052194931884275,0.03624655944468309,24.5594872743434,0.035,4.24,8886.266
4.205535482662697,0.03450602253997719,24.560587479832073,0.035,4.24,8889.297
4.205534286065775,0.03688641521996264,24.561334141818286,0.035,4.24,8892.266
4.205483747754633,0.03516495505534671,24.55530751269563,0.034,4.24,8895.281
4.205492359049095,0.03364977792261088,24.55360891627253,0.035,4.24,8898.219
4.205359654091358,0.03622471067146261,24.562301955457226,0.035,4.24,8901.125
4.205452456170338,0.037046449999673686,24.55259569876939,0.035,4.24,8904.125
4.2052336899543965,0.03595123360466839,24.550126600523022,0.035,4.24,8907.187
4.205368786476729,0.03688093060048798,24.55957631503381,0.034,4.24,8910.187
4.205352858749185,0.036744912735089515,24.55959616481276,0.035,4.24,8913.219
4.205272833891148,0.03644691413377821,24.55919495312234,0.035,4.24,8916.25
4.205334045963911,0.03690033557989325,24.555465821491936,0.034,4.24,8919.281
4.205542275286085,0.03295622059901726,24.545848110056152,0.034,4.24,8922.281
4.205573450229735,0.03371427952878941,24.55500376900846,0.034,4.24,8925.312
4.20553218445534,0.036298570449749004,24.556159126945317,0.034,4.24,8928.281
4.205377240277142,0.03567056396328686,24.557547880633056,0.034,4.24,8931.281
4.205362634149421,0.034520049014869394,24.55819993110055,0.034,4.24,8934.281
4.205569476920994,0.03437207870519371,24.55347675821476,0.034,4.24,8937.297
4.205580399497147,0.03434921715593285,24.54763994596755,0.034,4.24,8940.266
4.205612907622095,0.035145446430071885,24.558249140322218,0.034,4.24,8943.25
4.205636050013445,0.035166108480682925,24.55871548684645,0.034,4.24,8946.25
4.205485945352772,0.03760853070763414,24.559448445970872,0.034,4.24,8949.172
4.2055246660182934,0.03529899718389208,24.549970906946093,0.034,4.24,8952.125
4.205463952856209,0.036401818009095706,24.55200158465098,0.034,4.24,8955.109
4.20560884462839,0.034057863829825404,24.54840859133576,0.034,4.24,8958.047
4.205367038500492,0.033728222069848504,24.545410127352888,0.034,4.24,8961.016
4.20557304016456,0.035583906745962124,24.54677691735827,0.034,4.24,8963.937
4.205553945110651,0.03218583280501324,24.548677531678184,0.034,4.24,8966.844
4.20535041634825,0.03383851890168174,24.54421323723788,0.034,4.24,8969.766
4.205292265404932,0.03467515247484536,24.53527711867299,0.034,4.24,8972.687
4.205584391224335,0.03601566330143831,24.54764262213346,0.034,4.24,8975.594
4.2056875592816505,0.036370318790987066,24.544417073569907,0.034,4.24,8978.531
4.205500030664496,0.035105523365349944,24.54685858413451,0.034,4.24,8981.437
4.205580182697795,0.033975718809019895,24.554664741273584,0.034,4.24,8984.344
4.205579218559494,0.03399440819135671,24.55783125271494,0.034,4.24,8987.25
4.205673070285668,0.037429245098939544,24.55264814914924,0.034,4.24,8990.156
4.205318964124883,0.03557275980206901,24.551239949047275,0.034,4.24,8993.094
4.205591712927502,0.03653014366450388,24.552592983601844,0.034,4.24,8996.0
4.205527146396491,0.03481485935422381,24.551409820484395,0.034,4.24,8998.906
4.205623855437707,0.035074700941491774,24.562206833224444,0.034,4.24,9001.797
4.205555212569122,0.036350748715678484,24.557148350128454,0.034,4.24,9004.703
4.205809339259871,0.03617793437240381,24.544553895012623,0.034,4.24,9007.609
4.205429519262288,0.032481969428898555,24.54893927398418,0.034,4.24,9010.516
4.205585787957795,0.03274380931683094,24.5477698736585,0.034,4.24,9013.422
4.2055595542921616,0.03808015787991233,24.546075255056596,0.034,4.24,9016.328
4.205799706581937,0.035622376947681396,24.53879041853674,0.034,4.24,9019.234
4.205410294809395,0.033593050988205135,24.554180207640734,0.034,4.24,9022.141
4.205576028114031,0.03188956179145239,24.55299098314969,0.034,4.24,9025.062
4.205793159393835,0.038236310384655726,24.55616912314226,0.034,4.24,9027.969
4.205739376568154,0.03927728173809673,24.55281536219566,0.034,4.24,9030.875
4.2057286372253415,0.034910858150075184,24.55480048765062,0.034,4.24,9033.781
4.205724085159608,0.035400229147654956,24.557576005337157,0.034,4.24,9036.687
4.205345431260254,0.034897240183263005,24.55326777923195,0.034,4.24,9039.594
4.205778419914883,0.03288881351415447,24.56469309702036,0.034,4.24,9042.5
4.205615515093006,0.03572118355947043,24.552535202662256,0.034,4.24,9045.406
4.205537371858004,0.03371918552752039,24.546198735546344,0.034,4.24,9048.312
4.205558469089392,0.035215725565946245,24.551672598862357,0.034,4.24,9051.219
4.20548912931456,0.03657276381520363,24.55485479527575,0.034,4.24,9054.141
4.205755089897401,0.03438005873508036,24.551818528333783,0.034,4.24,9057.047
4.205706960726446,0.035882584514980366,24.559636763382706,0.034,4.24,9059.953
4.205731155105137,0.03268392333541496,24.550928079346875,0.034,4.24,9062.859
4.205891388894898,0.03428627316753735,24.550284196535188,0.034,4.24,9065.766
4.205710108990984,0.035228636596530166,24.550768338432338,0.034,4.24,9068.672
4.205760196611685,0.03416958883615657,24.549729284981684,0.034,4.24,9071.578
4.205792293151817,0.034963649912080876,24.546501761154676,0.034,4.24,9074.484
4.205780102344597,0.031201663861245243,24.548261781490766,0.034,4.24,9077.391
4.205668264286282,0.034265634668653636,24.551398810021528,0.034,4.24,9080.297
4.2056636029407635,0.03527592154692362,24.54590140358219,0.034,4.24,9083.203
4.205842999095965,0.03479717717275387,24.544767763934146,0.034,4.24,9086.109
4.205487993248207,0.03486455699157009,24.549603360866687,0.034,4.24,9089.016
4.2056265008788145,0.03333002594043753,24.547286445425602,0.034,4.24,9091.922
4.205672656213542,0.0337739847553142,24.54065356421782,0.034,4.24,9094.828
4.205759516602493,0.03532381699215157,24.542186769826852,0.034,4.24,9097.734
4.20580955787645,0.033746209535571475,24.54687003559214,0.034,4.24,9100.641
4.205825769080687,0.03260154243732672,24.543808760482225,0.034,4.24,9103.547
4.205883174438281,0.03235415060558401,24.544695392323735,0.034,4.24,9106.453
4.2057223220437985,0.034728552980278105,24.5414998592417,0.034,4.24,9109.359
4.205797768821856,0.034518130838596235,24.540426924163317,0.034,4.24,9112.266
4.205877449391004,0.034274063889344945,24.54515233128232,0.034,4.24,9115.172
4.205783973307529,0.034812746483547895,24.549978048392557,0.034,4.24,9118.078
4.20577764825031,0.033011020997038724,24.546588557382133,0.034,4.24,9120.969
4.205871419377012,0.03465117335985197,24.537494010505768,0.034,4.24,9123.891
4.205893881192829,0.03629124254285396,24.53787976186443,0.034,4.24,9126.797
4.205788695183359,0.03328029912074236,24.53491083835115,0.034,4.24,9129.703
4.20593288910158,0.03216367814689083,24.542191891181048,0.034,4.24,9132.609
4.20571021142746,0.03469224754656661,24.54388723619639,0.034,4.24,9135.516
4.205877235771978,0.033415743657425216,24.546408132277847,0.034,4.24,9138.422
4.205882098263909,0.03621230534967025,24.53497491842341,0.034,4.24,9141.312
4.20583009150006,0.03595117052378471,24.530024759502542,0.034,4.24,9144.219
4.206141220731118,0.03447641371748932,24.540887207966392,0.034,4.24,9147.125
4.205739989401459,0.034691005135211075,24.527727645745877,0.034,4.24,9150.031
4.205989442909112,0.03285884646752794,24.526765624974097,0.034,4.24,9152.937
4.205896929939433,0.033501708685855364,24.532091127084318,0.034,4.24,9155.844
4.2057909871218335,0.03548340822169898,24.534041314969603,0.034,4.24,9158.75
4.205863262713541,0.037216647019856275,24.53401199694083,0.034,4.24,9161.656
4.205953614013601,0.03598974574835322,24.53068126419389,0.034,4.24,9164.562
4.205893739592963,0.03555468567922999,24.531343444216365,0.034,4.24,9167.469
4.205950902155725,0.03484084570883413,24.52859596490285,0.034,4.24,9170.375
4.205952676249024,0.03475635907199511,24.53223094027039,0.034,4.24,9173.281
4.205884304706357,0.03335497151634221,24.53401452043706,0.034,4.24,9176.187
4.2058417891767785,0.03230346242095012,24.529522803236993,0.034,4.24,9179.094
4.20572751063219,0.03505113196608365,24.527496372639312,0.034,4.24,9182.0
4.205666295910593,0.03333441825860643,24.527750922328696,0.034,4.24,9184.906
4.206076450170346,0.03635541350590256,24.532016037402734,0.034,4.24,9187.812
4.205891884904737,0.03333354242944027,24.52807928227045,0.034,4.24,9190.719
4.205870587806497,0.03448928705500905,24.52305230091997,0.034,4.24,9193.641
4.205805637232637,0.03672716469497094,24.520418760468143,0.034,4.24,9196.547
4.205981690373488,0.033838591866971794,24.525161809363482,0.034,4.24,9199.453
4.205896003653986,0.034203076017613514,24.525776455702932,0.034,4.24,9202.359
4.205790466346448,0.03262374378422335,24.52745396504306,0.034,4.24,9205.266
4.205904193296911,0.03520381109167007,24.5306523642582,0.034,4.24,9208.156
4.205879668492223,0.034517260762523455,24.52859579665732,0.034,4.24,9211.062
4.20590916434438,0.0350272402264753,24.53071556531962,0.034,4.24,9213.969
4.205872459211785,0.03467905936199413,24.525753466969693,0.034,4.24,9216.875
4.20616128171223,0.03516703013836637,24.52494544232001,0.034,4.24,9219.797
4.2059602575393775,0.03450585313420608,24.523300254241065,0.034,4.24,9222.703
4.206011250028063,0.034971327903663266,24.525823095288317,0.034,4.24,9225.594
4.20580969030312,0.033141117966216625,24.53679070335251,0.034,4.24,9228.5
4.2059384475606585,0.03539870715459551,24.541037898307415,0.034,4.24,9231.406
4.205883836487158,0.03440429649729223,24.536739381157826,0.034,4.24,9234.312
4.206027192210229,0.0356807771666315,24.535889789408255,0.034,4.24,9237.219
4.205907382858846,0.035292899188774374,24.52630198762489,0.034,4.24,9240.125
4.205914006351886,0.03348697579183683,24.528472836489957,0.034,4.24,9243.016
4.206178976613427,0.035654503914090856,24.537028538963334,0.034,4.24,9245.922
4.2060041581692165,0.033250612839209326,24.52979065830449,0.034,4.24,9248.828
4.206413396820381,0.03392731891393567,24.535699288008306,0.034,4.24,9251.75
4.2060844638513455,0.034367144865487614,24.531553300675586,0.034,4.24,9254.656
4.206013853824449,0.03530552310298705,24.535885578125804,0.034,4.24,9257.562
4.20603635487384,0.03366246504000398,24.53539602730671,0.034,4.24,9260.453
4.206094795709559,0.0357374882610763,24.53444615782912,0.034,4.24,9263.359
4.205924990667476,0.03383493878044793,24.53929564085412,0.034,4.24,9266.266
4.206103552804448,0.03440130251662556,24.536053932512274,0.034,4.24,9269.172
4.206140029654046,0.031824443506424376,24.53321789144094,0.034,4.24,9272.078
4.206154942167075,0.03302915888596471,24.529932971633688,0.034,4.24,9274.984
4.206062504395037,0.03470748920511048,24.53277550903024,0.034,4.24,9277.875
4.206328472850354,0.034707158066625735,24.52574731336271,0.034,4.24,9280.781
4.206261249610263,0.03503666784057037,24.533083947981204,0.034,4.24,9283.719
4.206052428225835,0.034138199731340885,24.53311184700228,0.034,4.24,9286.625
4.205969522227694,0.03365072720665926,24.53587394412831,0.034,4.24,9289.531
4.206100618875758,0.03338652263211205,24.53953843903717,0.032,4.24,9292.437
4.206209692295022,0.034139531196032434,24.530017399592015,0.034,4.24,9295.344
4.2062939985761085,0.035491350326335595,24.527773266719873,0.032,4.24,9298.25
4.206137025113476,0.034085566981040566,24.525497854179612,0.034,4.24,9301.156
4.206260511156382,0.03245582777372835,24.53372095669279,0.034,4.24,9304.062
4.205965493632267,0.03229183278513606,24.534489889822236,0.034,4.24,9306.969
4.206266553906974,0.033692469212917325,24.526644313362155,0.034,4.24,9309.875
4.205993447921453,0.034503828255225216,24.533469796271397,0.034,4.24,9312.781
4.206297949407799,0.03326578041859793,24.525328560284617,0.032,4.24,9315.656
4.206157664370592,0.033249366572727375,24.528562901534173,0.034,4.24,9318.5
4.206350250865612,0.03286606982899846,24.520744028212768,0.034,4.24,9321.391
4.205943835073901,0.03400794026137398,24.517757779762345,0.034,4.24,9324.281
4.206153957676549,0.03383665908217355,24.524225351392687,0.034,4.24,9327.156
4.206280404102188,0.031890558196053624,24.52256208725823,0.032,4.24,9330.047
4.20624864468352,0.03080108527439972,24.52104922440543,0.034,4.24,9332.922
4.206243182947443,0.03645586915250612,24.522797709832567,0.034,4.24,9335.812
4.206404530657744,0.030162986531876365,24.520842307115007,0.034,4.24,9338.687
4.206217767836774,0.0350756752429806,24.520484573160303,0.032,4.24,9341.578
4.206285334664969,0.037006656196931775,24.52549241222431,0.034,4.24,9344.469
4.206137598942099,0.03488548455518967,24.51523042042213,0.032,4.24,9347.344
4.206095910995579,0.034111442823105395,24.525230656653452,0.032,4.24,9350.219
4.2062801931954406,0.03366167563811172,24.521530631710043,0.032,4.24,9353.125
4.206436594003108,0.03856778146387712,24.518848123489,0.032,4.24,9355.969
4.206182738654017,0.034123647315309834,24.52788616359087,0.032,4.24,9358.828
4.206228285883644,0.03207172173594645,24.513123802424634,0.032,4.24,9361.687
4.206308058860223,0.03368116008889582,24.526193545426043,0.032,4.24,9364.562
4.206145747897072,0.03198191890347746,24.520198302042264,0.032,4.24,9367.453
4.206317027191028,0.0346881711886225,24.522365998868246,0.032,4.24,9370.328
4.206057989981314,0.03609299576933201,24.517205856145605,0.032,4.24,9373.219
4.206111789481459,0.03346582301761407,24.516601533625693,0.032,4.24,9376.094
4.206187639855812,0.03411142742417436,24.519839472153482,0.032,4.24,9378.984
4.206259946668841,0.03477582118840739,24.523678078447137,0.032,4.24,9381.859
4.206270772697677,0.028595725664309575,24.514210200071442,0.032,4.24,9384.766
4.206253827580683,0.03377998614269125,24.519226173579398,0.032,4.24,9387.609
4.206260511042964,0.03452675759414589,24.513985242394885,0.032,4.24,9390.469
4.206308438970086,0.03297531944464652,24.524542280115487,0.032,4.24,9393.312
4.206459211945035,0.03193060186245917,24.518069378017795,0.032,4.24,9396.203
4.206325953480741,0.032477058943927266,24.527051653510195,0.032,4.24,9399.094
4.206090180337302,0.03347884837079385,24.522990203275313,0.032,4.24,9401.969
4.206154512017419,0.028982077100217017,24.516143498389265,0.032,4.24,9404.859
4.206130248613652,0.03548995403426125,24.51138121781417,0.032,4.24,9407.734
4.206322918778525,0.03607681794584386,24.50996881179359,0.032,4.24,9410.625
4.206304519149676,0.03652964473775123,24.513477724608062,0.032,4.24,9413.5
4.2064507293960895,0.03083645248530414,24.51473426938084,0.032,4.24,9416.406
4.206249819414879,0.03621193583226628,24.515670618172493,0.032,4.24,9419.266
4.206307274167238,0.034513161736670676,24.515908508391387,0.032,4.24,9422.109
4.206453312259172,0.032513522004715134,24.511473778625618,0.032,4.24,9424.969
4.2063412310190404,0.03434503035331117,24.51152710020341,0.032,4.24,9427.859
4.206469363721908,0.03296322368680634,24.512187272723846,0.032,4.24,9430.734
4.20641043435644,0.033538968895365,24.500855960150467,0.032,4.24,9433.625
4.206396528353081,0.03351287326632882,24.51465112714649,0.032,4.24,9436.5
4.206491994943775,0.0357861919863658,24.51042006123732,0.032,4.24,9439.391
4.206374030128039,0.03469726597553885,24.506854597522572,0.032,4.24,9442.266
4.206438399393229,0.031352233969830764,24.505383081868253,0.032,4.24,9445.156
4.206287114255344,0.03341644337551385,24.505938028995978,0.032,4.24,9448.047
4.20618264190454,0.03535442423220071,24.507413754542334,0.032,4.24,9450.953
4.206291192704536,0.027639235436780853,24.5002275579951,0.032,4.24,9453.797
4.206348154287911,0.030545022423324956,24.500665882701256,0.032,4.24,9456.656
4.206574209433013,0.032712890922533544,24.49415536335288,0.032,4.24,9459.5
4.206434145787959,0.035503352973560526,24.500489255731278,0.032,4.24,9462.391
4.20625228228206,0.03239515851771194,24.50137829431995,0.032,4.24,9465.266
4.2064831319301845,0.03143179034100478,24.497462565747107,0.032,4.24,9468.141
4.206640542127337,0.03195806860133175,24.49938417063719,0.032,4.24,9471.031
4.206424272301469,0.03284835807994713,24.50441582779004,0.032,4.24,9473.906
4.206432545809924,0.03268843636762956,24.503144167008152,0.032,4.24,9476.812
4.206525834378732,0.03166535745161707,24.504135825080745,0.032,4.24,9479.703
4.20651052086112,0.03472279782566488,24.501273812369423,0.032,4.24,9482.594
4.206439208107921,0.03415947108009646,24.504544804218405,0.032,4.24,9485.469
4.2066037716642075,0.03348222029637854,24.504211333554004,0.032,4.24,9488.344
4.206483867622801,0.03212126655386907,24.501157061669957,0.032,4.24,9491.234
4.2064377463463,0.030774310500208697,24.495892901487476,0.032,4.24,9494.109
4.206596169252777,0.03306413060540856,24.492094294007497,0.032,4.24,9496.984
4.206283087381178,0.031966441951372986,24.492771919332995,0.032,4.24,9499.875
4.20636035509359,0.03347570415178384,24.491450832518566,0.032,4.24,9502.766
4.206445918469823,0.03226714142726074,24.4935238594863,0.032,4.24,9505.641
4.2068661414987965,0.029405603780406166,24.48836134548851,0.032,4.24,9508.531
4.206351467289339,0.034042722293620035,24.493180348751498,0.032,4.24,9511.406
4.206584650801265,0.03491622124618869,24.49189828666901,0.032,4.24,9514.312
4.206228901001244,0.0332228757627772,24.504618435127377,0.032,4.24,9517.156
4.206478878986894,0.032628264312644935,24.503038953681855,0.032,4.24,9520.016
4.206575434372545,0.03198095863823348,24.494591868357947,0.032,4.24,9522.859
4.206693821213973,0.03195349574543251,24.498284662517626,0.032,4.24,9525.75
4.206481711188509,0.031533349589610786,24.49083718661056,0.032,4.24,9528.625
4.2064330940321035,0.03048146351784468,24.492778765718892,0.032,4.24,9531.516
4.206602410240436,0.0318991316778391,24.49870113003557,0.032,4.24,9534.391
4.206616896605007,0.032428796318761124,24.50259374858277,0.032,4.24,9537.281
4.2065007682557045,0.035245146859546515,24.500278729824966,0.032,4.24,9540.172
4.206529269134149,0.030291999409199296,24.500138072641526,0.032,4.24,9543.047
4.206636908804527,0.03379104905409201,24.503772138216036,0.032,4.24,9545.953
4.206666453592254,0.03272036772620017,24.503722705953706,0.032,4.24,9548.797
4.206620642540128,0.037333894742635515,24.501978892550174,0.032,4.24,9551.656
4.206590735654856,0.032924992372887346,24.501620024702188,0.032,4.24,9554.5
4.206494523523606,0.03500230313564513,24.50013053486651,0.032,4.24,9557.391
4.206761527711861,0.029894833486262422,24.4951030623724,0.032,4.24,9560.281
4.206862018873552,0.0323858485512297,24.492450323916547,0.032,4.24,9563.156
4.206493555250959,0.030638038550585615,24.49971878861671,0.032,4.24,9566.047
4.20658501565759,0.036353289411950894,24.509078581242377,0.032,4.24,9568.922
4.206538017525066,0.03393017575265915,24.50303521391688,0.032,4.24,9571.812
4.2067459842672354,0.03163406512922313,24.49772369924737,0.032,4.24,9574.687
4.206671932571644,0.03238426077651931,24.51033748876326,0.032,4.24,9577.594
4.206839610045197,0.034545016243422225,24.500931613767584,0.032,4.24,9580.437
4.206540770191771,0.03417823403671655,24.494652034807835,0.032,4.24,9583.281
4.206768009886487,0.03108676180200447,24.49260387242514,0.032,4.24,9586.141
4.206619905566305,0.030997584047151684,24.49095249739005,0.032,4.24,9589.016
4.206703085892787,0.030298526602055065,24.492983196875716,0.032,4.24,9591.906
4.20666232498484,0.029573504651380148,24.498859558941692,0.032,4.24,9594.797
4.206491428650377,0.02959605360320235,24.49197480398914,0.032,4.24,9597.672
4.206765966162347,0.032453111977183924,24.495137431610917,0.032,4.24,9600.562
4.206571680410453,0.031923866018081,24.491554415310514,0.032,4.24,9603.437
4.206753309293951,0.03166592904436531,24.491118089481205,0.031,4.24,9606.328
4.206725914108929,0.031089466932354835,24.490565272819467,0.032,4.24,9609.219
4.206900315978254,0.032887840616418605,24.4870869191419,0.031,4.24,9612.125
4.206693387812684,0.030831477452750274,24.49875993643599,0.031,4.24,9614.969
4.206803833535518,0.03254571540910499,24.493560166953927,0.031,4.24,9617.828
4.206686430873183,0.032214806622663544,24.501054222367337,0.031,4.24,9620.672
4.206783914251122,0.0327631286484695,24.49561004436716,0.032,4.24,9623.562
4.206828340327137,0.029621442243981423,24.49736673931222,0.031,4.24,9626.437
4.206806924347454,0.03190455551537941,24.493625069683077,0.032,4.24,9629.328
4.206689735249062,0.03340488604421526,24.499277462404933,0.031,4.24,9632.203
4.206664302493654,0.03070230681242047,24.493346158356914,0.031,4.24,9635.094
4.206749125764218,0.03208165792067158,24.491223557895403,0.031,4.24,9638.0
4.2066792838877705,0.033518471073137955,24.494838221449104,0.031,4.24,9640.891
4.206609052853215,0.031633992069632515,24.491313708349924,0.032,4.24,9643.766
4.206805601567547,0.03096395590182481,24.491624459929394,0.031,4.24,9646.641
4.20700753718047,0.030537201492671074,24.48568797775312,0.031,4.24,9649.531
4.206663626479615,0.031245716348243507,24.48501122582133,0.031,4.24,9652.406
4.206712376826524,0.029463288226915615,24.483408178911667,0.031,4.24,9655.297
4.20672111731449,0.030674928201187574,24.489111159981455,0.031,4.24,9658.172
4.206791111211908,0.032572566245296176,24.4849643129892,0.031,4.24,9661.062
4.206813399152171,0.033975891580393054,24.48168323376784,0.031,4.24,9663.937
4.206769082444196,0.030975985283151996,24.478829186940157,0.031,4.24,9666.828
4.207030106386059,0.030882333472889788,24.477852070548657,0.031,4.24,9669.719
4.206862115882753,0.03475628830194957,24.48902918543903,0.031,4.24,9672.594
4.206869388839357,0.02935249029813729,24.48564695215701,0.031,4.24,9675.5
4.206760932273928,0.031832480586421456,24.486179425233605,0.031,4.24,9678.344
4.207033315858231,0.0312758820725181,24.48100091345438,0.031,4.24,9681.203
4.206910697507329,0.03316639908411943,24.486526739355426,0.031,4.24,9684.047
4.206834244037431,0.03282004303630596,24.492859668586913,0.031,4.24,9686.937
4.2069435362402885,0.03095646883959426,24.478635452202024,0.031,4.24,9689.812
4.206964584653848,0.034098611961825134,24.48142241729957,0.031,4.24,9692.703
4.2069749194542805,0.03127227004193229,24.482602369147983,0.031,4.24,9695.578
4.206851897820957,0.03280638797985289,24.47689746373185,0.031,4.24,9698.453
4.206874805071521,0.029563367490869585,24.486451686525115,0.031,4.24,9701.344
4.207161097162463,0.03291467665353373,24.479762831508005,0.031,4.24,9704.219
4.206958414653102,0.030188176460436873,24.473356007746016,0.031,4.24,9707.125
4.206795719047641,0.03276441177625828,24.4817704978233,0.031,4.24,9709.969
4.20707190782069,0.03341439844773325,24.491162568899345,0.031,4.24,9712.828
4.206793858625794,0.033414462412047194,24.479980775832995,0.031,4.24,9715.687
4.207316550626499,0.03396667129580026,24.487013639597414,0.031,4.24,9718.562
4.206834899547852,0.03148164551369178,24.489435526645348,0.031,4.24,9721.453
4.207104588501191,0.02943291333546865,24.481220779551915,0.031,4.24,9724.328
4.206898360532473,0.030102804261542757,24.484556186556496,0.031,4.24,9727.219
4.206796789867964,0.03264834006257088,24.484463337080456,0.031,4.24,9730.094
4.206864955114912,0.031177683814781365,24.481572502382793,0.031,4.24,9732.984
4.206983295269889,0.03166971039503855,24.474968152454412,0.031,4.24,9735.859
4.20704252252281,0.03387389001910807,24.4792298241398,0.031,4.24,9738.766
4.2068577126167845,0.03358779699136319,24.47806602330075,0.031,4.24,9741.609
4.207133925227831,0.02855735117747182,24.48472615646962,0.031,4.24,9744.469
4.206972713053126,0.03249044635925176,24.477758170759866,0.031,4.24,9747.328
4.207207609781004,0.03069332656532993,24.47956895247237,0.031,4.24,9750.203
4.207262043418676,0.03290087772199602,24.4733170855877,0.031,4.24,9753.078
4.206910687133406,0.03150530506211826,24.47156571243573,0.031,4.24,9755.969
4.207241364207265,0.032521769854066324,24.485605280005505,0.031,4.24,9758.844
4.20699111221861,0.029896133693984646,24.48390781588579,0.031,4.24,9761.734
4.207138501739848,0.03434701579399143,24.477252820877005,0.031,4.24,9764.609
4.207100453997238,0.034798746021620655,24.481799231423274,0.031,4.24,9767.5
4.207026046863425,0.03310781570861458,24.48729490193126,0.031,4.24,9770.375
4.207212485043131,0.03009467468177104,24.47692363810472,0.031,4.24,9773.281
4.20701627431686,0.032035820305755816,24.4749048756127,0.031,4.24,9776.125
4.207015144663567,0.033724577397671485,24.480936478044498,0.031,4.24,9778.984
4.2071362087987545,0.03121819811026285,24.47349838514999,0.031,4.24,9781.828
4.207172492923496,0.03126136159103492,24.480375661496183,0.031,4.24,9784.719
4.207153961192385,0.032820170787519885,24.47505707357043,0.031,4.24,9787.594
4.2072638644190485,0.03306969330214037,24.474921714747992,0.031,4.24,9790.484
4.2071253346693895,0.031116600572802123,24.471944089173657,0.031,4.24,9793.359
4.207248979440662,0.03239640711064839,24.468493288905805,0.031,4.24,9796.25
4.207155605581033,0.030682299114637202,24.474634558217783,0.031,4.24,9799.156
4.207179189971571,0.03353277167581758,24.46858971240014,0.031,4.24,9802.047
4.206978789224297,0.03156458995473263,24.469925466083584,0.031,4.24,9804.922
4.207173869752896,0.03246493762868465,24.4694677997206,0.031,4.24,9807.797
4.2070476020203005,0.03135080799057282,24.470107774275466,0.031,4.24,9810.687
4.207252474459142,0.030407829547005553,24.477287809669768,0.031,4.24,9813.562
4.207320122146405,0.03183000726702181,24.474330640938792,0.031,4.24,9816.453
4.207155791259333,0.0318659151229822,24.470826449962416,0.031,4.24,9819.328
4.207048547825479,0.03125338474469983,24.477221582125193,0.031,4.24,9822.219
4.206960104809805,0.03165379164115931,24.470951233698493,0.031,4.24,9825.094
4.207307542184556,0.028247264697549724,24.477714269209503,0.031,4.24,9827.969
4.2072912071142365,0.030131839520548383,24.48155290023582,0.031,4.24,9830.859
4.2072012428030545,0.03311956304858028,24.479275193276766,0.031,4.24,9833.734
4.207228519253823,0.029194664373626153,24.478989261281665,0.031,4.24,9836.641
4.207208352707972,0.028770942271233203,24.478207161296805,0.031,4.24,9839.484
4.207297283146116,0.02873565344968097,24.475263177123686,0.031,4.24,9842.344
4.2071124844289916,0.03293412048995769,24.484432703393317,0.031,4.24,9845.187
4.207249814833383,0.03187058140412034,24.470250054205195,0.031,4.24,9848.078
4.207049216831349,0.03069859569767454,24.470127866380636,0.031,4.24,9850.953
4.207155924244331,0.030651557004076808,24.473320305914736,0.031,4.24,9853.828
4.207379911448323,0.03010046255312678,24.482934361999185,0.031,4.24,9856.719
4.20717418994973,0.031787269492678835,24.477605638613635,0.031,4.24,9859.609
4.207488456883307,0.028188692002869196,24.477780088133525,0.031,4.24,9862.484
4.207342857475217,0.028580856228827965,24.47257699778555,0.031,4.24,9865.359
4.2073142808903645,0.03198593639882346,24.480366582090962,0.031,4.24,9868.281
4.207306113365039,0.032385545084919365,24.466251358973157,0.031,4.24,9871.125
4.2074243059408,0.03368644058855443,24.480197532503883,0.031,4.24,9873.984
4.207238347983245,0.03338616114060546,24.47320948454505,0.031,4.24,9876.828
4.20735514784459,0.031150720374229574,24.47594794686345,0.031,4.24,9879.719
4.207484825536797,0.032757935064207294,24.469663252264905,0.031,4.24,9882.594
4.207432418719761,0.029669424279019127,24.473481430121264,0.031,4.24,9885.484
4.20736710281726,0.032684433508144,24.471635869621398,0.031,4.24,9888.359
4.207149103598856,0.03402923635182108,24.471906147005264,0.031,4.24,9891.25
4.20743165753758,0.030563395104797532,24.46616917568763,0.031,4.24,9894.125
4.207488121769761,0.03146603852492404,24.46553288557135,0.031,4.24,9897.0
4.207451244773527,0.029770376071718826,24.47301546552625,0.031,4.24,9899.906
4.207236838796289,0.029434408944188042,24.46775131064001,0.03,4.24,9902.703
4.207433304626545,0.0317376108892498,24.468060206184578,0.031,4.24,9905.5
4.207599205565973,0.030852792035353394,24.463035606508374,0.031,4.24,9908.297
4.206515070073403,0.019055036268096234,24.476510125540045,0.021,4.234,9911.109
4.2037552524460375,-0.002402283484844348,24.47421198282407,0.0,0.003,9913.906
4.204388020011881,0.0007272269046615985,24.480242070201395,0.0,0.003,9916.641
4.20423924479094,-0.0012921441439126898,24.478393175234732,0.0,0.003,9919.375
4.204418106023272,-0.0007775356107848982,24.47934347849096,0.0,0.003,9922.109
4.204219228816554,-0.005297167898025125,24.478035697380772,0.0,0.003,9924.844
4.204269157359161,0.0011929446229341529,24.467872440273073,0.0,0.003,9927.594
4.2043815315975275,-0.001351176561847005,24.466812134014695,0.0,0.003,9930.328
4.204567262564795,-0.0029719132103224475,24.46387290404799,0.0,0.003,9933.062
4.2041404901988635,-0.0026198758014764813,24.474560579005864,0.0,0.003,9935.797
4.204183151611738,-0.005995114873981347,24.463199587977332,0.0,0.003,9938.547
4.204267126871524,-0.001943819457425505,24.47419641102357,0.0,0.003,9941.281
4.204031157857045,-0.0010012640012364718,24.473412678429558,0.0,0.003,9944.016
4.203997426462608,0.0005640419321175904,24.468685406238595,0.0,0.003,9946.75
4.20387672027014,-0.002967491504342034,24.47160719873823,0.0,0.003,9949.484
4.2039230479406395,-0.0005974522680549978,24.47682875711734,0.0,0.003,9952.219
4.203997284165652,-0.004067783127838583,24.47982640043916,0.0,0.003,9954.969
4.2041637075422935,-0.003461184808026487,24.474867617623083,0.0,0.003,9957.703
4.203753491070778,-0.0005273587342912141,24.468833268674363,0.0,0.003,9960.437
4.203908980651023,-0.0022083012815557563,24.473834998234945,0.0,0.003,9963.172
4.204057858407543,-0.004380510376784086,24.470758813878707,0.0,0.003,9965.922
4.204268119720228,0.0004382873389747528,24.477961529612763,0.0,0.003,9968.656
4.204144879568649,-0.0018481591265309867,24.473385019467422,0.0,0.003,9971.391
4.204326797976078,-0.0013627259112413811,24.479937091243947,-0.002,0.003,9974.125
4.203858501423661,-0.0036968118010128354,24.48016847021856,0.0,0.003,9976.859
4.203814978433412,-0.0025128601882542637,24.471487781309246,0.0,0.003,9979.594
4.203628861839089,-0.002481956033710642,24.4754629233283,0.0,0.003,9982.344
4.203792291152874,-0.0017579611045674464,24.47744062069225,0.0,0.003,9985.078
4.2036762693372,-0.0018951868118296717,24.47774978378312,0.0,0.003,9987.812
4.203530912941503,0.0012254317511094512,24.471228646838483,0.0,0.003,9990.547
4.2037451272030335,-0.003827334135621344,24.472465561541906,0.0,0.003,9993.281
4.203760391967151,-0.0014675476639560226,24.47090973997701,0.0,0.003,9996.031
4.203738530037582,0.00014041686826325294,24.476267146973857,-0.002,0.003,9998.766
4.203479046484639,-0.0029047625318316824,24.470731809688967,0.0,0.003,10001.5
4.203727209662337,0.002066475085189289,24.478879836754025,0.0,0.003,10004.234
4.203341626998274,0.000877397124204246,24.475929913067073,0.0,0.003,10006.969
4.203334662376648,-0.0009299291984515625,24.476353108313152,0.0,0.003,10009.719
4.203559251779149,0.0002751856624904627,24.47750531835773,0.0,0.003,10012.453
4.203383611992434,-0.00236115700938042,24.480387640392376,0.0,0.003,10015.172
4.203391295434098,-0.00021200092405909476,24.47661519084782,0.0,0.003,10017.906
4.203414312595308,-0.003191015352842622,24.479887401309675,0.0,0.003,10020.641
4.20352344911056,-0.0007412148719000819,24.47581580712576,-0.002,0.003,10023.375
4.203268537174239,-0.0019888524354297822,24.479196681874352,0.0,0.003,10026.125
4.203555564274175,-0.004479939982408761,24.47409007366327,0.0,0.003,10028.859
4.203460786490003,-0.001959522010334314,24.476303679576613,0.0,0.003,10031.594
4.2033353979446835,-0.0021509386002719114,24.483319323639616,0.0,0.003,10034.328
4.20336841278213,-0.0021626224170680306,24.475543449108127,0.0,0.003,10037.062
4.203247956575363,-0.0008897289653041812,24.47063420946557,0.0,0.003,10039.797
4.2032298158984505,-0.0020363699364803287,24.476955124043936,0.0,0.003,10042.562
4.203194379153653,-0.003923548005641595,24.476999990698996,-0.002,0.003,10045.297
4.203038140938476,7.827107988602295e-05,24.479807547547743,0.0,0.003,10048.031
4.203260102425182,-0.001478818675702744,24.4684805114583,0.0,0.003,10050.766
4.203239505630942,-0.0008222190698921727,24.472267322237315,-0.002,0.003,10053.516
4.20307400866909,-0.00328039078401006,24.477784870681678,0.0,0.003,10056.25
4.203036305711635,-0.002753345709928413,24.4718685032782,0.0,0.003,10059.0
4.202941646042986,0.00044168863901353797,24.475079327342613,0.0,0.003,10061.734
4.203242177446392,-0.0021815758701169176,24.47633834228102,0.0,0.003,10064.469
4.203097478132318,-0.00010434255762379733,24.478564190464308,0.0,0.003,10067.203
4.203150919432053,-0.0025304128066439787,24.48017911714571,0.0,0.003,10069.953
4.203099705752163,-0.001539926102263715,24.47941781414687,0.0,0.003,10072.687
4.20295899021335,-0.00377805827753478,24.47667768644373,0.0,0.003,10075.406
4.203017613555531,-0.00016360068131924797,24.48149552415567,0.0,0.003,10078.156
4.202973907157435,-0.0016425803007076474,24.465354539458673,0.0,0.003,10080.875
4.203192075498585,-0.0034808931479889714,24.476634354100526,0.0,0.003,10083.609
4.202962448906234,-0.0014181894707754907,24.474986716361833,0.0,0.003,10086.344
4.203062394432849,0.0004627389942813074,24.472073427027418,0.0,0.003,10089.078
4.202857647957073,-0.0015715244776538702,24.467399115024183,0.0,0.003,10091.812
4.202835082867785,0.002077206720896725,24.47304579840446,0.0,0.003,10094.547
4.203024636758245,-0.00017724655436388625,24.469955476476105,0.0,0.003,10097.281
4.202873188858969,0.0017416279628463692,24.462384797724344,0.0,0.003,10100.016
4.202856184027075,-0.002944889013718584,24.463476642749868,0.0,0.003,10102.75
4.20272403742147,-0.0008216288711066208,24.465119283850616,0.0,0.003,10105.484
4.2030829174149975,-0.002288682290991006,24.46897002687743,0.0,0.003,10108.219
4.202840849213715,-0.001415422231154836,24.458713452244105,0.0,0.003,10110.953
4.202747876676028,-0.0013293469978199405,24.464399484034526,0.0,0.003,10113.687
4.202814042299514,-0.002468933018714526,24.463382980769108,0.0,0.003,10116.422
4.202731876424546,-0.0018472561887894557,24.470551618939446,-0.002,0.003,10119.172
4.202763986915378,-0.0019410800592869373,24.472254823067264,0.0,0.003,10121.906
4.202788863556467,0.00031941746551100654,24.46527738625025,0.0,0.003,10124.625
4.202897488463151,-0.0031613991387299564,24.47090826972642,0.0,0.003,10127.359
4.202852733895744,-0.0018837756650810819,24.471331410708263,0.0,0.003,10130.094
4.2030343464905755,0.0013480951793105492,24.467801536692363,0.0,0.003,10132.828
4.202721891858943,-0.0015099535378320427,24.46373981599563,0.0,0.003,10135.562
4.202770102142353,-0.0038972509213635663,24.462041732694637,0.0,0.003,10138.297
4.202566933082,-0.0012035482050284248,24.461786603098847,0.0,0.003,10141.016
4.202709843593409,-0.003549070630597648,24.461544897914568,-0.002,0.003,10143.75
4.202708861685632,-0.004634151122898747,24.461465753864353,0.0,0.003,10146.469
4.20281296661399,-0.002809784578194312,24.465300007210395,0.0,0.003,10149.203
4.2026033370449944,-0.0013835845588593837,24.46336048062728,0.0,0.003,10151.953
4.20242785608973,0.0003947482665324441,24.462292269815553,0.0,0.003,10154.687
4.202723189468475,-0.0027479069115457773,24.460206042895997,0.0,0.003,10157.406
4.20261977425836,-0.0001354599621308445,24.45965211714146,0.0,0.003,10160.141
4.202489760088146,-0.0011673685076940994,24.464452786599953,0.0,0.003,10162.875
4.202516980872979,-0.0020422101534626805,24.467645605737076,0.0,0.003,10165.625
4.202601227896918,-0.004321477812782299,24.46393769438185,0.0,0.003,10168.359
4.2025060117835995,-0.00010145253955690811,24.466093616102405,0.0,0.003,10171.125
4.202526801772104,-0.0036324316455689245,24.46825878003593,0.0,0.003,10173.844
4.202330097677979,0.002895314357136599,24.472696859483676,0.0,0.003,10176.578
4.202656523613524,-0.002743447430558004,24.471575351116957,0.0,0.003,10179.297
4.20267531894517,-0.0030419408854853443,24.461251894658258,0.0,0.003,10182.031
4.202395789164037,0.0005471559118817626,24.462182254648436,0.0,0.003,10184.766
4.202476662293711,-0.0025895392165148894,24.465820367244024,0.0,0.003,10187.531
4.202292557515384,0.0027138745458016355,24.467461092130865,0.0,0.003,10190.25
4.202438674665912,-0.0012164592048988108,24.462410778194997,0.0,0.003,10192.984
4.202614251791716,-0.0014384344161160424,24.467974866493506,0.0,0.003,10195.703
4.2024723890095785,-0.001051031284988345,24.459821855224597,0.0,0.003,10198.437
4.202572769255105,-0.0017195352556297816,24.464039587466615,0.0,0.003,10201.172
4.202519753621146,-0.0002628597320704267,24.462904616592258,0.0,0.003,10203.906
4.202367268312505,-0.0020131918066489747,24.45874098208874,0.0,0.003,10206.641
4.202624380658731,-0.0005629520756215093,24.463460034796533,0.0,0.003,10209.375
4.202465170355757,-0.0004313659543235542,24.46590640358746,0.0,0.003,10212.125
4.202541538320008,-0.002426202812925412,24.46767293187883,0.0,0.003,10214.859
4.202449274602526,-0.0004633170527731548,24.467150040437875,0.0,0.003,10217.578
4.202634766179669,-0.0033449586932760376,24.467573114436146,0.0,0.003,10220.312
4.202428303635254,0.0002014702905334474,24.463897581778177,0.0,0.003,10223.047
4.202501297927687,-0.00037054582410769085,24.463072967882812,0.0,0.003,10225.781
4.202374988095401,-0.002005214106221026,24.464946495029523,0.0,0.003,10228.531
4.20235066226223,-0.0012918828979571236,24.463317285802106,0.0,0.003,10231.266
4.202270688095827,-0.0010708129382306195,24.4634497433067,0.0,0.003,10233.984
4.202260330418787,-0.003559510343827536,24.46919213823715,0.0,0.003,10236.719
4.202579966390812,-0.0015414604977992778,24.47163428359352,-0.002,0.003,10239.437
4.202495591224807,-0.0006306188146830533,24.46549927324305,0.0,0.003,10242.172
4.20229309297548,-0.001408337896289734,24.46672675745979,0.0,0.003,10244.906
4.2022366238265905,4.3748768833181e-05,24.45680189362422,0.0,0.003,10247.641
4.202376974403731,-0.0008143937252899097,24.461204434139947,0.0,0.003,10250.375
4.202040861587427,0.0008793180498704135,24.455283701089577,0.0,0.003,10253.109
4.202358111764434,-0.000953886502692184,24.46258438008621,0.0,0.003,10255.828
4.202167512713702,-0.0009364325508141936,24.46905395468835,0.0,0.003,10258.562
4.202100048868476,-0.001719293740692281,24.461941976311532,0.0,0.003,10261.312
4.202397237123576,-0.0013814193989396522,24.463391179330152,0.0,0.003,10264.047
4.20231347048405,-0.0011889827756483692,24.457112041365498,0.0,0.003,10266.781
4.202413254069925,-0.001173613346372865,24.464598211131136,0.0,0.003,10269.516
4.202068294165386,-0.0001951238433564384,24.458115613863388,0.0,0.003,10272.25
4.202010087960614,-0.0027986796277658724,24.45769462171437,0.0,0.003,10274.984
4.2020852868378284,-0.002585499692076679,24.45446586341901,-0.002,0.003,10277.734
4.202032415023556,-0.0014590854463101485,24.46084001836534,0.0,0.003,10280.469
4.202233812640548,-0.0035019143855427063,24.457474206336173,0.0,0.003,10283.203
4.202247807831424,-0.0041939217335033585,24.45873437482168,0.0,0.003,10285.937
4.202101811300958,-0.001816106847142063,24.463083503589896,0.0,0.003,10288.687
4.2022928803043476,-0.0009713469018272516,24.46419721317138,0.0,0.003,10291.422
4.202268161493739,-0.0017866571730471674,24.461982710337107,0.0,0.003,10294.156
4.202206439648154,-0.0028331156850433994,24.454818396134048,0.0,0.003,10296.891
4.202033615575288,-0.0021996188658529856,24.455188275696734,0.0,0.003,10299.609
4.201905477087383,-0.0005790479502235512,24.46004286353407,0.0,0.003,10302.344
4.202021478145636,-0.002144744737369234,24.451102657422567,0.0,0.003,10305.094
4.202063588025879,-0.002586377590204255,24.449681328849287,0.0,0.003,10307.828
4.202129012076489,-0.0014551566762453525,24.45960704279452,0.0,0.003,10310.562
4.20233736779615,-0.0034416060034664305,24.459162971078662,0.0,0.003,10313.297
4.2018931965013335,-0.0019151295422983037,24.45705439281264,0.0,0.003,10316.062
4.202041643228248,-0.002096295959871818,24.461881584167536,0.0,0.003,10318.797
4.202112507021254,-0.004952188195896482,24.456827441208482,0.0,0.003,10321.531
4.20209033368599,-0.0016447197438659478,24.45761454743931,0.0,0.003,10324.281
4.2019339872126125,-0.0008470658809024975,24.457764845011173,0.0,0.003,10327.016
4.201801447921291,0.0008101542551474636,24.463480832983084,0.0,0.003,10329.75
4.2020172904784,-0.000992010763309259,24.455069024270593,0.0,0.003,10332.5
4.201899376414435,-0.000641530003764982,24.456462738958276,0.0,0.003,10335.234
4.201845857377169,-0.0008265165176003958,24.45999631357211,0.0,0.003,10337.969
4.20196555274706,-0.0037155997653375208,24.452683488039142,0.0,0.003,10340.703
4.201942044436374,-0.001624702964662375,24.45606942003012,0.0,0.003,10343.437
4.201893043904947,-0.0003588708623442579,24.463561545772162,0.0,0.003,10346.172
4.201798567271499,-0.000422104300121501,24.465862506472813,0.0,0.003,10348.891
4.202029069572355,-0.0008206335214862182,24.46120393232931,0.0,0.003,10351.625
4.202103480499149,-0.003349799434670229,24.462298021600954,0.0,0.003,10354.359
4.201978766991733,0.00010276375714154157,24.45283005119045,0.0,0.003,10357.094
4.201993204782222,-0.00042216853106809494,24.45910524284182,0.0,0.003,10359.828
4.201705127767904,-0.0012151184350006436,24.461864682540767,0.0,0.003,10362.562
4.201855991170311,-0.0008699039511873321,24.45429662592022,0.0,0.003,10365.281
4.201808421506566,-0.0039281284472711675,24.454834156573405,-0.002,0.003,10368.031
4.201730287283359,5.820739562202043e-05,24.448952259247235,-0.002,0.003,10370.766
4.201924097607671,-0.0024069955924469768,24.458350279407135,0.0,0.003,10373.5
4.202017075080856,-0.003114131094754392,24.456751117561915,0.0,0.003,10376.234
4.201690724453328,-0.0018662453958165905,24.45165539736449,0.0,0.003,10378.969
4.201714938380849,-0.0020779297192427514,24.460253216764272,0.0,0.003,10381.703
4.2018492985503535,-0.0006581954465103654,24.461612741578104,0.0,0.003,10384.437
4.20167702799097,-0.0006132070189852987,24.451521513041353,0.0,0.003,10387.172
4.201844682694264,-0.0018751501751024869,24.45115867096096,0.0,0.003,10389.906
4.201867796922777,-0.003272902270450898,24.458750538775284,0.0,0.003,10392.641
4.201807907745778,-0.0028082384397045304,24.44689697980992,-0.002,0.003,10395.375
4.201709626235213,-0.0005127239644882557,24.447094971543883,0.0,0.003,10398.094
4.201826328538274,-0.0023642554156350086,24.449631123026744,0.0,0.003,10400.828
4.2017251049976645,-0.00084217458787247,24.446727221176467,0.0,0.003,10403.578
4.201922025730032,-0.003667544785787116,24.454473619927498,0.0,0.003,10406.312
4.2018001476418245,-0.0010020096332801895,24.462462963603766,0.0,0.003,10409.031
4.201755750331818,0.0003367759144931323,24.45667287753846,0.0,0.003,10411.766
4.20163910296864,-9.327424821887615e-05,24.461137407956986,0.0,0.003,10414.5
4.201706372584375,-0.0017267713618293974,24.453458922462826,0.0,0.003,10417.234
4.201672188223541,0.0034196487994061398,24.458561766150723,0.0,0.003,10419.969
4.201949943489285,8.053400171168915e-05,24.45941209067792,0.0,0.003,10422.703
4.201828452849935,-0.0031465863122181587,24.457770916973512,0.0,0.003,10425.437
4.201595834589736,-0.0020261846409672353,24.450107378175943,0.0,0.003,10428.172
4.201732703334857,-0.0009946810384807258,24.452340509096015,0.0,0.003,10430.906
4.201727633130724,0.002511705065171416,24.454764210574528,0.0,0.003,10433.641
4.201832893929499,0.001161640635700523,24.45464782504613,0.0,0.003,10436.375
4.201470870392295,0.0023384371763504877,24.456974033085878,0.0,0.003,10439.109
4.2013204718191,-0.00047982281593379885,24.448184603300195,0.0,0.003,10441.844
4.201565062959023,-0.0017247195610612179,24.44850952716705,-0.002,0.003,10444.609
4.201621172516892,-0.002676266139884595,24.45237095515247,0.0,0.003,10447.344
4.201545873729865,-0.0018794588967017373,24.445308803297163,0.0,0.003,10450.078
4.201687885398563,-0.003474667362040337,24.45271926861809,0.0,0.003,10452.812
4.201487262133279,0.0005685517725512231,24.455798702046923,0.0,0.003,10455.547
4.201384349858776,-0.004553115951220391,24.459978136926896,0.0,0.003,10458.281
4.201617963911166,-0.004207090436448237,24.454577956667332,-0.002,0.003,10461.047
4.201538762373539,-0.004995470310534728,24.459309078645873,0.0,0.003,10463.781
4.201666742880608,-0.0014089180107923985,24.46244844284032,0.0,0.003,10466.516
4.201576881051706,-0.0014650150349840992,24.455306790061822,0.0,0.003,10469.266
4.201728258407087,0.001256342809744957,24.453994944823126,0.0,0.003,10472.0
4.2015583051842045,0.0003272901545679017,24.457634676651143,0.0,0.003,10474.719
4.201335088199587,-0.001097264205385012,24.450586049457193,-0.002,0.003,10477.453
4.201436203654536,-9.267081685452642e-05,24.45060452188451,0.0,0.003,10480.203
4.201375469929543,0.001658661373358235,24.446758996702137,0.0,0.003,10482.937
4.201473923529489,-0.0014117276849411383,24.44830704304268,0.0,0.003,10485.672
4.201427617148845,0.0004945132931075691,24.45385270898538,0.0,0.003,10488.406
4.201347839682099,-0.0014994324348205237,24.450460448174113,0.0,0.003,10491.156
4.201453997930257,-0.003277912377753748,24.451978638438842,0.0,0.003,10493.891
4.201572969153183,-0.003041320263917146,24.452443399839584,0.0,0.003,10496.625
4.201326369500534,-0.00023732299374340065,24.445550728356597,0.0,0.003,10499.359
4.201408968919377,-0.0033755247548794935,24.449936926163595,0.0,0.003,10502.094
4.201442689798562,0.0014985830348342233,24.453484874506216,0.0,0.003,10504.828
4.201722097369861,-0.0009261799874212151,24.447051157187754,0.0,0.003,10507.578
4.2013502601198365,-0.001392143119633615,24.442456648340507,0.0,0.003,10510.312
4.201590887901091,-0.0029924967835541485,24.45163420125596,0.0,0.003,10513.047
4.201546477192273,-0.00015427396433717564,24.448399742316465,0.0,0.003,10515.781
4.201363385377513,-0.0014994596909786335,24.446542455621767,0.0,0.003,10518.531
4.201470383911885,-0.003381709708960041,24.45184669521542,0.0,0.003,10521.266
4.2014485272287745,-0.002362684461860373,24.454732984540488,0.0,0.003,10524.0
4.201412429575665,-0.00013597643536335653,24.449698118621626,0.0,0.003,10526.734
4.2015411469362185,-0.001375877187928381,24.444606097890496,0.0,0.003,10529.453
4.201385661191694,0.0008215319448823602,24.44799689171787,0.0,0.003,10532.187
4.201229817331966,0.00035667799544156984,24.451215948387958,0.0,0.003,10534.937
4.201414654548751,0.0004089982144175402,24.456381504456257,0.0,0.003,10537.672
4.201451498721811,-0.0010087457869052416,24.4653818261357,0.0,0.003,10540.406
4.201445057032454,-0.002315245995195257,24.45584465946328,0.0,0.003,10543.141
4.201536543919221,-0.003079098420457323,24.45427592333343,0.0,0.003,10545.875
4.201281853346397,-0.0018544970954521142,24.446782855776647,0.0,0.003,10548.609
4.201109934131328,0.0030516376225507486,24.45453594463873,0.0,0.003,10551.344
4.201204044200101,-0.0028432852149435843,24.454137770340033,0.0,0.003,10554.078
4.201245531960422,-0.001263708629779301,24.44919664084436,0.0,0.003,10556.812
4.201315323371291,-0.002556810291517449,24.457707833594988,0.0,0.003,10559.547
4.2013409981172805,-0.003366840930227592,24.457213730069107,0.0,0.003,10562.297
4.201052190525135,-0.0029993080649533205,24.459444199180023,0.0,0.003,10565.031
4.201293898550536,-0.0018939955336674758,24.456746665267225,0.0,0.003,10567.766
4.201102745605431,-0.00010470740537188122,24.459648674716885,0.0,0.003,10570.5
4.201375889452585,-0.0013797734033900379,24.45443252580937,0.0,0.003,10573.234
4.201391001831396,0.0023417682318449093,24.45476593670342,0.0,0.003,10575.984
4.201399655248095,-0.003549972793713712,24.451996436245977,0.0,0.003,10578.703
4.201400888806903,-0.0004855626969875063,24.45445230759752,0.0,0.003,10581.437
4.201267147304221,-0.0039392080096224,24.452578606054562,0.0,0.003,10584.172
4.201353858858963,-0.0022131176700453782,24.45076405260129,0.0,0.003,10586.906
4.201300622631799,-0.001557494062015865,24.454047974577545,0.0,0.003,10589.672
4.201094326030945,0.0008731913664053308,24.44693178502694,-0.002,0.003,10592.406
4.201336438227367,-0.002631432712167152,24.44314077242358,0.0,0.003,10595.156
4.201029519560519,0.0002871259565461968,24.451870318243014,0.0,0.003,10597.891
4.201174103363499,-0.003040446868854638,24.454775065302176,0.0,0.003,10600.625
4.201407303912614,-0.0011406625703870709,24.451322468000676,0.0,0.003,10603.359
4.201396030981205,-0.005138979129359031,24.450199512575313,0.0,0.003,10606.125
4.201191587617918,-0.001995776423933039,24.443179567005263,0.0,0.003,10608.859
4.201050538892008,-0.00220805597432624,24.439539862718558,0.0,0.003,10611.609
4.201014921944262,-0.0007772693125247723,24.448173381666674,0.0,0.003,10614.344
4.201117812293516,0.0009084835775639774,24.449993545208844,0.0,0.003,10617.078
4.201118045784221,-0.0010413618885645396,24.45098533662896,0.0,0.003,10619.812
4.201079591286012,0.000318945918520953,24.45365493336965,0.0,0.003,10622.531
4.201106116032884,0.0002666725298540332,24.446854476339233,0.0,0.003,10625.281
4.2010431526870775,-0.0003463994673057399,24.44876986093093,0.0,0.003,10628.016
4.201169943868055,0.0009703562400545971,24.44860142216895,0.0,0.003,10630.75
4.2012522514183495,-0.004936965936251253,24.448913087371196,0.0,0.003,10633.484
4.201195322049535,0.0017034881902264298,24.444038622386714,0.0,0.003,10636.219
4.201137292206676,-0.0019888286735341926,24.449352627112393,0.0,0.003,10638.953
4.201190001152821,-0.004538109066001203,24.44879352548347,0.0,0.003,10641.687
4.20115663034101,-0.003981863563335806,24.440902300368233,0.0,0.003,10644.406
4.200992778833087,-0.007337640673084916,24.441057489749657,0.0,0.003,10647.141
4.200821681149198,0.0014302181322689413,24.443075835191326,-0.002,0.003,10649.875
4.201184959237284,-0.0003966135148194312,24.444624100031493,0.0,0.003,10652.609
4.20089160683673,-3.765678622701572e-05,24.429165101741575,0.0,0.003,10655.344
4.201105398559146,-0.001939331674071942,24.437553249544113,0.0,0.003,10658.078
4.201037005322116,-0.0010574327841154456,24.436667842420384,0.0,0.003,10660.812
4.201084432740615,0.000748769265728625,24.445474537829462,0.0,0.003,10663.547
4.201050583173621,-0.0019319984990335385,24.44004189128476,0.0,0.003,10666.281
4.201108286405959,-0.0021326422444278986,24.450414605006667,0.0,0.003,10669.016
4.201258759494019,-0.0036453420679324225,24.444676206012577,0.0,0.003,10671.75
4.200910471230056,-0.002090641804648583,24.443630560549458,0.0,0.003,10674.484
4.201074776791206,-0.004788834535669995,24.44314594806198,0.0,0.003,10677.234
4.201218600940403,-0.002647167549078152,24.449976543801142,0.0,0.003,10679.969
4.201055706411414,-0.0012670499152364217,24.438995132009715,0.0,0.003,10682.703
4.200990436401896,0.00018131356630181756,24.43761095011841,0.0,0.003,10685.437
4.200918413317385,-0.002546089455684282,24.437907540916456,0.0,0.003,10688.156
4.200989992514063,-0.004110173155920093,24.450360428893013,0.0,0.003,10690.906
4.201031372080714,-0.0011940788858344404,24.455963154472894,0.0,0.003,10693.641
4.2009174900458435,0.00035110092159038525,24.44663657413221,0.0,0.003,10696.375
4.200874350724698,-0.0023164132399358826,24.444097772347977,0.0,0.003,10699.109
4.201207393233348,-0.00045566990071389633,24.449266950523278,0.0,0.003,10701.844
4.200873949313111,-0.0016841440697345973,24.44701090419196,0.0,0.003,10704.578
4.201015112962602,-0.0029796606795132476,24.45145340261223,0.0,0.003,10707.312
4.201053027771426,-0.0031281619343146664,24.445500859351586,0.0,0.003,10710.062
4.201087052159283,-0.0028136572661075876,24.443107633917958,0.0,0.003,10712.797
4.201115250228045,-0.003360523384983667,24.44837855555994,0.0,0.003,10715.531
4.200923863819876,-0.002926546745999108,24.449073917732473,0.0,0.003,10718.297
4.201057979128358,9.925712597067511e-05,24.438072069238025,0.0,0.003,10721.031
4.2010793489164815,-0.0012210331391730722,24.436533724891365,0.0,0.003,10723.766
4.200997490567829,-0.0016338289792487007,24.43624085847153,0.0,0.003,10726.5
4.200861876457178,-0.0010546904704337458,24.437368699116178,0.0,0.003,10729.234
4.200795972610674,-0.0060713498874474464,24.43690910872881,0.0,0.003,10731.984
4.200888989377827,-0.0061209122435903355,24.439372473486372,0.0,0.003,10734.734
4.2009032977726095,-0.005327253887692883,24.43862651489539,0.0,0.003,10737.484
4.200789086950236,-0.0018842148037143491,24.442696397584847,0.0,0.003,10740.219
4.200784827904271,-0.004487794600205834,24.44057644728608,0.0,0.003,10742.953
4.2010346439293835,0.0015926025282921856,24.44201409954926,0.0,0.003,10745.687
4.200733507177878,-0.0016259054798745402,24.443835056550636,-0.002,0.003,10748.422
4.200806780531858,-0.002026038563901877,24.43660620135067,0.0,0.003,10751.172
4.200693746415138,-0.0013673800140212888,24.442071532162753,0.0,0.003,10753.906
4.200831522370327,-0.003078094795725807,24.43881333649852,0.0,0.003,10756.641
4.2007979032384855,0.0009171488244889236,24.443163600138384,0.0,0.003,10759.375
4.201179257772152,0.0016238292689655669,24.44080037595201,0.0,0.003,10762.109
4.201017198415177,-0.0034616206125286575,24.43963022593903,0.0,0.003,10764.859
4.200691112990664,-0.0018229708828783615,24.43614806022785,0.0,0.003,10767.594
4.2008774812667,-0.00020740433418396756,24.43505786990559,0.0,0.003,10770.328
4.200593863387899,-0.0005835217611899997,24.435139583956847,0.0,0.003,10773.062
4.200773907119104,-0.0008258728001184856,24.442979148400994,0.0,0.003,10775.797
4.201115912996172,-0.002826708791420809,24.43317790018761,0.0,0.003,10778.531
4.200675883427911,-0.0034116317665917623,24.439700144632084,0.0,0.003,10781.281
4.200649880520806,0.001501468353283516,24.434290839237946,0.0,0.003,10784.016
4.200654626218961,-0.0033814328577479874,24.437040297397807,0.0,0.003,10786.75
4.20082591270055,-0.0023860123154231115,24.42977601412862,0.0,0.003,10789.484
4.200899770187293,0.0002841715452158031,24.438933221263436,0.0,0.003,10792.219
4.2008599264487865,0.0005223525640857384,24.440548188194924,0.0,0.003,10794.953
4.200985358777043,-0.0025938990291206553,24.446393917633465,0.0,0.003,10797.703
4.200718678233746,-0.0032677182842172905,24.437239112006758,0.0,0.003,10800.437
4.20064850512653,-0.0018214781826431821,24.440209316987822,0.0,0.003,10803.172
4.200630651137006,-0.0024490785825642724,24.44161942217852,0.0,0.003,10805.906
